Interpolated regressors and dependent varaibles:

            Country                variable      1989      1990      1991      1992      1993      1994      1995      1996      1997      1998      1999      2000      2001      2002      2003      2004      2005      2006      2007      2008      2009      2010      2011       2012       2013       2014       2015        2016        2017        2018        2019        2020         2021        2022        2023
            Algeria             Poverty_gap  6.411901  6.388906  6.352974  6.306061  6.250123  6.187117  6.119000  6.024983  5.884167  5.698338  5.469285  5.198797  4.888660  4.540663  4.156594  3.738241  3.287392  2.805834  2.295356  1.757746  1.194791  0.608280  0.000000   0.000000   0.000000   0.000000   0.000000    0.000000    0.000000    0.000000    0.000000    0.000000 0.000000e+00    0.000000    0.000000
          Australia             Poverty_gap  0.744275  0.744683  0.745703  0.747029  0.748354  0.749374  0.749782  0.749607  0.749168  0.748597  0.748026  0.747587  0.747412  0.872371  0.997331  0.712537  0.575132  0.466970  0.393765  0.361232  0.352627  0.349168  0.372456   0.423710   0.475023   0.498484   0.498671    0.498742    0.498243    0.497094    0.495816    0.494930 4.949578e-01    0.496420    0.499838
         Bangladesh             Poverty_gap 41.851199 41.921129 41.944866 40.677835 37.876440 35.040227 33.668743 33.564917 33.510494 33.473243 33.420934 33.321335 32.490423 30.615193 28.219945 25.828978 23.966590 22.609321 21.373072 20.241184 19.196999 18.223856 17.357549  16.603560  15.899765  15.184040  14.394261   13.468303   12.375662   11.136862    9.766325    8.278471 6.687721e+00    5.008496    3.255217
            Belgium             Poverty_gap  0.610973  0.778709  0.922365  0.983284  0.835280  0.560414  0.412410  0.452445  0.492479  0.445555  0.357082  0.305506  0.301460  0.299603  0.294419  0.052022  0.193070  0.168942  0.151451  0.118417  0.107581  0.137115  0.168268   0.156571   0.144508   0.076496   0.070759    0.059816    0.147869    0.081114    0.078552    0.054725 2.996537e-02    0.004290    0.000000
             Brazil             Poverty_gap 20.403696 23.992811 23.786220 23.291227 22.100883 17.992863 14.736035 16.004680 15.976236 14.337863 14.968738 14.287122 13.042174 11.738640 12.605869 11.055812  9.962901  8.264235  7.870375  6.507662  6.120392  5.763466  5.322490   4.493511   3.728552   3.325948   3.877473    4.733754    5.302752    5.306075    5.409223    1.951068 5.834562e+00    3.505301    0.000000
             Canada             Poverty_gap  1.249350  1.248458  1.247662  0.746888  1.247629  0.989580  0.746809  0.249518  0.247711  0.499656  0.490963  0.247821  0.249382  0.242306  0.237109  0.243559  0.244990  0.249148  0.248252  0.245462  0.244310  0.248831  0.226145   0.246521   0.496485   0.242158   0.245904    0.248714    0.247011    0.249971    0.248638    0.241383 2.233271e-01    0.189589    0.135288
              Chile             Poverty_gap 12.381139 10.668008  8.242025  6.699598  6.748531  6.797464  5.749725  4.664468  4.606823  4.586697  5.206494  5.826292  5.755109  5.564278  5.287876  4.360692  2.918170  2.045367  1.890172  1.801579  1.666307  1.300147  0.903875   0.664244   0.517119   0.465010   0.429281    0.384789    0.359708    0.614266    1.087016    1.341573 1.066682e+00    0.395051    0.000000
              China             Poverty_gap 70.775599 71.962074 70.996761 68.610400 65.567360 59.947405 52.542443 48.185055 47.358642 46.891731 46.134586 44.079782 40.716348 36.889233 31.967232 26.311251 22.254406 20.259870 18.810227 17.267706 15.513055 13.379456  9.952238   8.316196   2.682018   1.743647   0.564260    0.080904    0.000000    0.000000    0.000000    0.000000 0.000000e+00    0.000000    0.000000
         Costa Rica             Poverty_gap 10.552571 10.379871 12.413738  9.941776  8.527353  7.041064  7.149303  8.220924  6.724826  5.224196  6.818424  6.926794  5.094759  4.675287  4.724285  4.663471  3.333950  3.337846  1.820663  2.420610  2.477399  1.489236  1.750300   1.673368   1.642579   1.505303   1.573227    1.336738    1.172351    1.505753    1.057139    2.291326 1.242194e+00    0.886874    0.882620
            Denmark             Poverty_gap  0.496901  0.496241  0.495267  0.493952  0.365226  0.127729  0.000000  0.000000  0.000000  0.000000  0.000000  0.000000  0.088997  0.254277  0.343275  0.314981  0.254848  0.137509  0.013914  0.113211  0.494775  0.057294  0.000000   0.000000   0.310916   0.202611   0.175426    0.278387    0.140905    0.170112    0.251407    0.164991 1.536796e-01    0.170228    0.230349
 Dominican Republic             Poverty_gap 17.415000 14.998022 10.403267  7.615000  7.119716  6.754107  6.527730  6.450147  6.870507  6.856564  6.807938  6.714430  5.137963  7.614324  8.697802 11.607311  7.409543  6.255223  6.067928  5.448600  4.679977  3.869214  4.055294   3.848862   2.971823   3.355926   2.534987    2.030172    1.001545    0.835534    0.832687    0.959418 8.537285e-01    0.757176    0.670172
        El Salvador             Poverty_gap 19.428000 21.366401 22.060562 20.685365 17.659931 14.634497 13.259300 15.262267 18.726092 21.031042 17.251175 12.942934 14.104641 14.728867 15.813787 11.488363 11.278455  7.650643  5.068491  7.717508  7.419960  6.345635  5.340929   4.637147   3.624729   3.441484   2.308848    2.632982    2.155499    1.842766    1.401915    2.494051 3.586186e+00    3.363398    1.832955
            Finland             Poverty_gap  0.000000  0.000000  0.000000  0.000000  0.000000  0.000000  0.000000  0.000000  0.000000  0.000000  0.000000  0.000000  0.012775  0.036500  0.049275  0.039414  0.055315  0.080375  0.063743  0.053872  0.052470  0.053841  0.047391   0.052725   0.085138   0.066168   0.070209    0.047236    0.065778    0.056774    0.038829    0.027621 2.134296e-02    0.021386    0.031919
             France             Poverty_gap  0.266187  0.247546  0.247627  0.247829  0.248092  0.248356  0.248558  0.248639  0.246097  0.000000  0.000000  0.000000  0.000000  0.000000  0.157358  0.049726  0.043055  0.027629  0.014868  0.009692  0.044349  0.087395  0.025783   0.060952   0.060390   0.018679   0.133555    0.058126    0.015888    0.021168    0.051449    0.114896 5.635738e-02    0.000000    0.000000
              Ghana             Poverty_gap 59.344971 62.479777 64.167750 63.844901 62.966787 61.669060 60.087371 58.357370 56.614708 54.995037 53.440464 51.804057 50.087910 48.294112 46.424757 44.481937 42.467743 40.058773 37.136978 34.012483 30.995411 28.395886 26.524032  25.689972  25.495619  25.343368  25.244064   25.208553   25.247680   25.372290   25.593229   25.921344 2.636748e+01   26.942478   27.657190
           Honduras             Poverty_gap 39.960000 41.997000 30.774721 26.968342 21.429638 24.304441 26.229053 28.550964 19.590014 24.543867 24.925201 22.381159 19.837118 21.995176 26.499472 25.433020 25.067038 21.142117 15.642992 15.244036 12.322080 13.802202 14.323090  16.992704  14.568504  13.282177  12.977554   14.606982   13.855521   14.233573   12.742991   10.496305 1.083110e+01   17.084981   32.595523
            Hungary             Poverty_gap  0.000000  0.837893  1.675787  0.837893  0.000000  1.241222  1.139929  0.896053  0.599598  0.340567  0.208965  0.173873  0.144980  0.123205  0.109466  0.104682  0.724505  0.137653  0.149940  0.021265  0.064793  0.071793  0.091564   0.325759   0.180299   0.657674   0.626155    1.348723    0.609267    0.207530    0.301702    0.351476 4.015956e-01    0.452059    0.502863
              India             Poverty_gap 49.731994 49.294017 48.889352 48.462601 47.958366 47.401460 46.847841 46.288827 45.715737 45.119890 44.492602 43.825194 43.108982 42.335286 41.495424 40.580715 39.620134 38.560037 37.267813 35.610852 33.456543 28.011182 22.859383  21.310637  20.247129  19.462763  18.751444   18.123507   13.379473   11.096276   13.204494   15.454644 1.291731e+01    5.879682    0.000000
          Indonesia             Poverty_gap 65.256884 61.774166 61.538711 61.422176 61.187595 57.951896 52.333075 49.345770 58.829920 68.314070 43.987480 43.836050 40.336567 23.452720 22.823112 24.243776 20.130228 26.157452 21.551208 19.194849 18.845253 16.455803 14.102624  10.577222  10.808527   9.682687   8.451447    6.668349    4.302148    4.410075    3.355410    2.825925 2.857714e+00    2.178291    1.815538
               Iran             Poverty_gap  8.988100  8.808000  7.979775  6.416467  4.902925  4.224000  4.233688  4.255000  4.276313  4.286000  4.132724  3.730658  3.166447  2.526733  1.898162  1.367376  1.021021  0.849097  1.015730  1.325193  1.491826  1.078104  0.504166   0.254006   0.288103   0.616368   0.400741    0.445063    0.329453    0.671210    0.726337    0.811443 6.523793e-01    0.468447    0.261449
            Ireland             Poverty_gap  0.429947  0.333449  0.258757  0.205661  0.173956  0.163434  0.176098  0.224018  0.216870  0.201145  0.185420  0.178272  0.206662  0.235052  0.127633  0.052106  0.021706  0.398431  0.098496  0.180507  0.490602  0.542757  0.544945   0.335012   0.682229   0.388954   0.367628    0.134726    0.243196    0.003921    0.058012    0.144306 6.354549e-02    0.000000    0.000000
             Israel             Poverty_gap  0.225414  0.220557  0.216822  0.215327  0.218246  0.225296  0.233914  0.241538  0.245608  0.246551  0.246965  0.247543  0.248978  0.480425  0.462706  0.499139  0.483315  0.224966  0.491812  0.483508  0.491628  0.460204  0.230771   0.489197   0.474573   0.492432   0.493854    0.241395    0.457425    0.496766    0.725289    0.449757 2.422214e-01    0.112255    0.088572
              Italy             Poverty_gap  0.000000  0.067740  0.228989  0.785926  1.249354  0.996651  0.743948  1.002817  1.483573  1.742441  1.495979  1.249517  1.373899  1.498281  0.769403  0.604521  0.647290  0.653436  0.680243  0.704179  0.911579  1.265289  1.156048   1.200608   1.373167   1.232120   1.948867    1.629945    1.421634    1.457647    0.994346    0.827792 8.145304e-01    0.831704    0.891048
            Jamaica             Poverty_gap  3.251120  2.880487  4.230583  6.737904  8.088000  6.690740  4.065672  2.562861  2.443907  2.375358  2.314703  2.260674  2.212561  2.128691  1.665751  1.177246  1.017107  0.870092  0.736000  0.614627  0.505773  0.409235  0.324810   0.252298   0.191496   0.142201   0.104213    0.077328    0.061346    0.056063    0.096588    0.193492 3.097660e-01    0.408404    0.452397
             Jordan             Poverty_gap  0.000000  0.000000  0.000000  0.000000  0.000000  0.000000  0.000000  0.000000  0.000000  0.020299  0.068704  0.126477  0.174882  0.195181  0.184949  0.159204  0.125375  0.090887  0.042761  0.010805  0.015190  0.040855  0.106560   0.231069   0.433144   0.731547   1.145039    1.692384    2.392343    3.263679    4.325154    5.595530 7.093569e+00    8.838034   10.847687
            Lesotho             Poverty_gap 53.763578 53.728204 53.706747 53.695729 53.691670 53.691090 54.231949 55.657851 57.673781 59.984725 62.295669 64.311599 65.737501 66.278360 66.142757 65.731670 65.038685 64.057388 62.781364 61.204198 59.319476 57.120783 54.601704  51.755824  48.576730  45.058006  41.193238   36.976011   32.399910   27.458521   22.145430   16.454221 1.037848e+01    3.911792    0.000000
           Malaysia             Poverty_gap  0.724000  0.770950  0.879900  1.003000  1.168877  1.357272  1.447000  0.723500  0.000000  0.116389  0.407362  0.785626  1.163890  1.454863  1.571252  1.377233  1.005189  0.770138  0.732662  0.696574  0.543797  0.306503  0.139926   0.070356   0.033977   0.024249   0.019037    0.015843    0.013577    0.011029    0.007724    0.004030 8.673617e-19    0.000000    0.000000
             Mexico             Poverty_gap  8.705063  8.487517  8.083502  7.865956  7.883156  7.933994 10.700966 13.960938 14.862422 15.237268 13.424306 10.678649  8.716484  7.521246  7.253148  7.150816  7.800171  5.354076  5.668179  5.982281  5.433782  4.704363  4.399398   4.199599   4.101380   3.983114   3.188947    2.316396    2.009094    1.875975    2.003957    2.131940 1.850356e+00    1.179679    0.381020
            Morocco             Poverty_gap  5.048829  4.728802  4.885489  5.298573  5.882588  6.552068  7.221548  7.805563  8.218647  8.375334  8.229964  7.934031  7.519144  6.925855  6.227842  5.498787  4.812368  4.242266  3.763895  3.305873  2.871690  2.464834  2.088793   1.747056   1.443110   1.180445   0.962548    0.792909    0.675014    0.612354    0.608416    0.666688 7.906588e-01    0.983817    1.249651
        Netherlands             Poverty_gap  0.708669  0.952731  1.091209  1.202878  1.248762  1.171290  0.977612  0.725830  0.474048  0.280370  0.202898  0.206328  0.214506  0.224268  0.232446  0.235876  0.148320  0.045793  0.028631  0.133609  0.110770  0.047439  0.096053   0.075842   0.086879   0.057713   0.061663    0.045917    0.188766    0.100916    0.095729    0.027963 6.971744e-02    0.247003    0.637853
            Nigeria             Poverty_gap 49.716981 50.532947 51.422468 52.353878 53.831395 55.857595 57.648346 58.419514 58.039235 57.008508 55.492498 53.656370 51.665288 49.684418 47.878925 46.028837 43.910537 41.683726 39.508101 37.543361 35.949205 34.885330 34.302320  33.828920  33.296825  32.766186  32.256630   31.773101   31.308257   30.863297   30.439421   30.037828 2.965972e+01   29.306295   28.978754
             Norway             Poverty_gap  0.391459  0.447570  0.475249  0.481681  0.486667  0.489890  0.491034  0.466991  0.408665  0.336765  0.272002  0.235082  0.220006  0.208870  0.204524  0.264845  0.201963  0.130996  0.126683  0.226725  0.086948  0.150988  0.097571   0.117307   0.130436   0.112921   0.170049    0.280673    0.291652    0.254461    0.156534    0.025172 0.000000e+00    0.000000    0.249507
           Pakistan             Poverty_gap 66.235651 65.110800 61.083118 52.914394 42.777877 32.846817 25.294465 22.294070 25.574684 29.776600 31.502588 32.777648 33.275234 29.886229 23.592363 20.203358 20.296938 18.151687 14.898684 12.483728 10.319817  9.381865  9.587885   8.755110   7.362643   5.986509   5.110188    5.010882    4.951916    4.932448    4.951635    5.008635 5.102605e+00    5.232703    5.398085
             Panama             Poverty_gap 22.412273 21.557529 20.110653 18.802658 17.397289 16.119686 15.194985 14.532321 14.206259 14.458805 12.275087 11.071512 14.045302  9.564354  9.879252  8.747402  8.564978  9.389637  6.665941  4.073149  2.528209  3.392067  2.452237   3.465146   2.244559   2.893775   1.513955    1.516927    2.097129    1.405645    1.004100    1.039686 1.108257e+00    1.187490    1.288194
        Philippines             Poverty_gap 26.132683 26.823189 27.195000 26.972781 26.391673 25.580002 23.589840 20.540604 18.161642 16.841201 15.803534 15.031992 14.383474 13.853781 13.634615 14.066001 14.867147 15.298533 14.216821 12.207929 11.126217 11.478635 12.133125  12.485543  11.668571   9.919456   8.290904    6.911446    5.624935    5.057057    5.188703    5.697477 6.754131e+00    8.529418   11.194089
             Poland             Poverty_gap  0.000000  0.029091  0.107874  0.223612  0.675751  1.379281  1.744774  1.549662  1.120413  0.691165  0.496053  0.670308  1.085840  1.581797  1.997329  2.171584  0.920937  0.658852  0.471381  0.175348  0.366327  0.349238  0.341945   0.195022   0.421611   0.399825   0.433713    0.236794    0.348525    0.247577    0.062761    0.137340 1.075201e-01    0.000000    0.000000
            Romania             Poverty_gap  0.000000  0.000000  0.000000  0.000000  5.016500 10.033000  1.748584  1.918542  2.248916  2.677546  3.281572  4.000696  4.774619  5.543042  6.245669  6.822200  7.212338  7.355783  5.310613  4.086822  3.128695  4.174519  5.376420   6.208166   6.617123   7.022675   5.266119    3.240313    3.266133    2.666744    2.164077    1.409362 1.757045e+00    3.614156    8.201791
              Spain             Poverty_gap  0.410028  0.494426  0.727133  1.064920  1.237566  0.997527  1.482342  1.491116  0.985998  0.952705  0.720118  0.675388  0.706997  0.768243  0.808751  0.817652  0.737975  0.769632  0.363041  0.488919  0.805600  0.675725  1.127330   0.936594   1.136304   0.787157   0.903527    1.125280    0.678091    0.838615    0.793813    0.886366 5.642503e-01    0.057029    0.053391
          Sri Lanka             Poverty_gap 11.925576 11.616388 11.632912 11.672316 11.719346 11.758750 11.775274 11.759885 11.713663 11.636523 11.528379 11.389148 11.218744 11.017083 10.225037  8.673302  6.946528  5.629365  4.762751  4.033587  3.495461  3.140543  2.866942   2.587149   2.240297   1.866616   1.530244    1.295318    1.140529    1.019468    0.958613    0.984444 1.123440e+00    1.402082    1.846848
             Sweden             Poverty_gap  0.244888  0.244210  0.243709  0.243513  0.244482  0.246281  0.247249  0.221535  0.160217  0.087032  0.025714  0.000000  0.248678  0.000000  0.323710  0.397172  1.084583  0.364383  0.410839  0.576403  0.458016  0.547409  0.615651   0.457002   0.650871   0.474334   0.569155    0.261453    0.248350    0.725507    0.316519    0.389090 6.292847e-01    0.947267    1.073527
        Switzerland             Poverty_gap  0.584137  0.555504  0.525457  0.494563  0.449479  0.382267  0.301600  0.216152  0.134595  0.065602  0.017846  0.000000  0.000000  0.000000  0.000000  0.000000  0.023285  0.046570  0.020816  0.068480  0.038058  0.048670  0.003111   0.008965   0.042184   0.032768   0.030543    0.034275    0.000000    0.030504    0.017387    0.037201 8.324925e-02    0.135441    0.173686
           Thailand             Poverty_gap 15.184467 12.345011 10.636883  8.995007  6.539211  4.503987  3.664341  3.086195  2.492084  2.175271  3.950531  3.967492  2.977222  1.759295  1.402905  1.185712  1.064524  0.929875  0.541696  0.304469  0.247227  0.265238  0.071562   0.115321   0.060822   0.090258   0.046538    0.036147    0.037127    0.032134    0.095038    0.046665 1.397219e-02    0.000000    0.013818
Trinidad And Tobago             Poverty_gap  0.335750  0.671500  1.007250  1.343000  1.678750  2.014500  2.350250  2.686000  3.021750  3.357500  3.693250  4.029000  4.364750  4.700500  5.036250  5.372000  5.707750  6.043500  6.379250  6.715000  7.050750  7.386500  7.722250   8.058000   8.393750   8.729500   9.065250    9.401000    9.736750   10.072500   10.408250   10.744000 1.107975e+01   11.415500   11.751250
             Turkey             Poverty_gap  1.602786  1.918086  2.185029  2.391143  2.523957  2.571000  2.550951  2.498096  2.423370  2.337708  2.252046  2.177319  2.124464  2.104415  3.855589  2.013650  2.340666  1.770227  1.305339  0.564948  0.720390  0.773769  0.129527   0.093061   0.298105   0.204683   0.212373    0.202717    0.300561    0.354393    0.451541    0.470899 4.428647e-01    0.376116    0.296683
     United Kingdom             Poverty_gap  0.231823  0.000000  0.000000  0.240086  0.241170  0.246627  0.247141  0.246367  0.247251  0.245557  0.248532  0.248885  0.247931  0.249406  0.249873  0.249766  0.246650  0.230140  0.243775  0.246874  0.248928  0.246352  0.247306   0.244677   0.244458   0.246300   0.249247    0.249173    0.249297    0.498482    0.498038    0.499334 2.451005e-01    0.000000    0.487676
      United States             Poverty_gap  0.499201  0.497143  0.499387  0.497899  0.499659  0.499793  0.499981  0.748545  0.749062  0.748834  0.748056  0.749595  0.749307  0.748916  0.997420  0.999882  0.999732  0.998909  0.999890  0.999749  0.999386  0.999727  0.998976   0.998480   0.995464   1.248947   1.249188    0.999391    1.249923    0.999792    0.999171    0.249974 2.487190e-01    1.249186    2.252163
          Venezuela             Poverty_gap  5.318249  4.926902  4.638450  4.526043  5.858304  8.391019  9.928085 10.118538 10.216139 10.431870 11.833123 11.062307 10.291491 16.381353 19.652534 16.609010 14.355710  7.130036  0.000000  0.000000  2.569109 32.837684 92.042460 188.008494 328.560841 521.524558 774.724699 1095.986322 1493.134481 1973.994232 2546.390632 3218.148736 3.997094e+03 4891.050280 5907.843831
            Algeria Human_Development_Index  0.596667  0.595000  0.596000  0.601000  0.603000  0.603000  0.608000  0.615000  0.624000  0.634000  0.643000  0.651000  0.659000  0.669000  0.677000  0.685000  0.692000  0.698000  0.704000  0.711000  0.714000  0.718000  0.718000   0.723000   0.727000   0.732000   0.737000    0.743000    0.746000    0.749000    0.753000    0.742000 7.550000e-01    0.761000    0.763000
          Australia Human_Development_Index  0.866000  0.867000  0.868000  0.868000  0.872000  0.873000  0.882000  0.884000  0.887000  0.891000  0.893000  0.897000  0.900000  0.902000  0.906000  0.910000  0.914000  0.917000  0.919000  0.924000  0.927000  0.929000  0.933000   0.938000   0.935000   0.937000   0.938000    0.939000    0.940000    0.945000    0.947000    0.950000 9.540000e-01    0.952000    0.958000
         Bangladesh Human_Development_Index  0.411000  0.397000  0.395000  0.411000  0.419000  0.426000  0.434000  0.442000  0.451000  0.459000  0.468000  0.477000  0.486000  0.494000  0.503000  0.511000  0.520000  0.527000  0.534000  0.538000  0.551000  0.561000  0.572000   0.583000   0.589000   0.600000   0.621000    0.632000    0.633000    0.646000    0.656000    0.663000 6.630000e-01    0.680000    0.685000
            Belgium Human_Development_Index  0.833762  0.824000  0.829000  0.845000  0.860000  0.868000  0.875000  0.881000  0.884000  0.886000  0.889000  0.894000  0.899000  0.901000  0.903000  0.909000  0.911000  0.913000  0.916000  0.917000  0.919000  0.921000  0.923000   0.923000   0.925000   0.930000   0.933000    0.936000    0.940000    0.942000    0.945000    0.939000 9.480000e-01    0.945000    0.951000
             Brazil Human_Development_Index  0.636143  0.641000  0.645000  0.648000  0.654000  0.659000  0.666000  0.671000  0.676000  0.680000  0.684000  0.690000  0.694000  0.700000  0.705000  0.712000  0.718000  0.725000  0.732000  0.739000  0.742000  0.748000  0.753000   0.758000   0.762000   0.765000   0.764000    0.765000    0.770000    0.774000    0.776000    0.770000 7.680000e-01    0.780000    0.786000
             Canada Human_Development_Index  0.864500  0.865000  0.868000  0.873000  0.871000  0.877000  0.881000  0.884000  0.884000  0.883000  0.888000  0.894000  0.897000  0.899000  0.902000  0.906000  0.909000  0.913000  0.914000  0.916000  0.915000  0.918000  0.921000   0.927000   0.930000   0.932000   0.932000    0.933000    0.935000    0.935000    0.937000    0.931000 9.370000e-01    0.935000    0.939000
              Chile Human_Development_Index  0.715333  0.718000  0.723000  0.730000  0.725000  0.730000  0.739000  0.745000  0.752000  0.759000  0.766000  0.771000  0.778000  0.784000  0.789000  0.797000  0.804000  0.804000  0.812000  0.820000  0.819000  0.823000  0.823000   0.832000   0.845000   0.849000   0.855000    0.859000    0.862000    0.866000    0.867000    0.856000 8.650000e-01    0.869000    0.878000
              China Human_Development_Index  0.487800  0.491000  0.499000  0.511000  0.522000  0.532000  0.543000  0.555000  0.566000  0.576000  0.587000  0.598000  0.608000  0.619000  0.630000  0.642000  0.654000  0.666000  0.680000  0.689000  0.700000  0.710000  0.717000   0.725000   0.733000   0.742000   0.750000    0.758000    0.765000    0.774000    0.781000    0.786000 7.940000e-01    0.796000    0.797000
         Costa Rica Human_Development_Index  0.677143  0.677000  0.682000  0.691000  0.696000  0.701000  0.706000  0.707000  0.712000  0.714000  0.717000  0.720000  0.726000  0.730000  0.736000  0.741000  0.748000  0.755000  0.760000  0.769000  0.773000  0.776000  0.783000   0.789000   0.795000   0.802000   0.803000    0.805000    0.809000    0.813000    0.821000    0.819000 8.170000e-01    0.823000    0.833000
            Denmark Human_Development_Index  0.838667  0.844000  0.848000  0.850000  0.853000  0.859000  0.862000  0.870000  0.876000  0.883000  0.894000  0.896000  0.902000  0.902000  0.907000  0.912000  0.917000  0.917000  0.918000  0.922000  0.915000  0.920000  0.934000   0.938000   0.941000   0.939000   0.943000    0.951000    0.951000    0.950000    0.953000    0.954000 9.580000e-01    0.959000    0.962000
 Dominican Republic Human_Development_Index  0.590667  0.589000  0.594000  0.604000  0.611000  0.617000  0.624000  0.631000  0.639000  0.645000  0.652000  0.658000  0.663000  0.668000  0.670000  0.673000  0.683000  0.691000  0.698000  0.704000  0.707000  0.715000  0.721000   0.727000   0.731000   0.737000   0.747000    0.766000    0.770000    0.773000    0.771000    0.767000 7.620000e-01    0.778000    0.776000
        El Salvador Human_Development_Index  0.520600  0.523000  0.529000  0.538000  0.548000  0.558000  0.567000  0.576000  0.586000  0.594000  0.598000  0.607000  0.612000  0.621000  0.628000  0.636000  0.642000  0.647000  0.653000  0.653000  0.653000  0.660000  0.662000   0.666000   0.668000   0.668000   0.667000    0.666000    0.665000    0.670000    0.670000    0.660000 6.630000e-01    0.674000    0.678000
            Finland Human_Development_Index  0.821400  0.823000  0.827000  0.833000  0.838000  0.850000  0.856000  0.863000  0.871000  0.880000  0.889000  0.898000  0.908000  0.912000  0.915000  0.911000  0.914000  0.917000  0.920000  0.921000  0.916000  0.920000  0.924000   0.924000   0.934000   0.936000   0.938000    0.940000    0.942000    0.945000    0.947000    0.947000 9.490000e-01    0.946000    0.948000
             France Human_Development_Index  0.787250  0.798000  0.807000  0.814000  0.818000  0.832000  0.837000  0.842000  0.847000  0.851000  0.856000  0.852000  0.855000  0.858000  0.862000  0.869000  0.877000  0.881000  0.884000  0.884000  0.883000  0.888000  0.892000   0.893000   0.896000   0.900000   0.901000    0.905000    0.908000    0.911000    0.914000    0.909000 9.150000e-01    0.916000    0.920000
              Ghana Human_Development_Index  0.426000  0.432000  0.438000  0.444000  0.450000  0.453000  0.459000  0.465000  0.469000  0.475000  0.480000  0.487000  0.486000  0.493000  0.495000  0.503000  0.515000  0.524000  0.534000  0.546000  0.551000  0.558000  0.568000   0.575000   0.582000   0.580000   0.588000    0.590000    0.594000    0.600000    0.609000    0.614000 6.180000e-01    0.625000    0.628000
           Honduras Human_Development_Index  0.514143  0.516000  0.519000  0.523000  0.529000  0.532000  0.537000  0.541000  0.547000  0.529000  0.552000  0.558000  0.561000  0.564000  0.568000  0.573000  0.578000  0.582000  0.587000  0.592000  0.594000  0.596000  0.598000   0.597000   0.601000   0.604000   0.610000    0.616000    0.618000    0.619000    0.632000    0.625000 6.280000e-01    0.643000    0.645000
            Hungary Human_Development_Index  0.738000  0.730000  0.724000  0.722000  0.729000  0.739000  0.744000  0.752000  0.758000  0.764000  0.771000  0.781000  0.791000  0.800000  0.807000  0.811000  0.816000  0.823000  0.826000  0.833000  0.834000  0.838000  0.841000   0.841000   0.850000   0.848000   0.847000    0.851000    0.853000    0.857000    0.861000    0.857000 8.520000e-01    0.867000    0.870000
              India Human_Development_Index  0.448286  0.446000  0.448000  0.453000  0.458000  0.463000  0.469000  0.476000  0.482000  0.488000  0.496000  0.501000  0.511000  0.516000  0.529000  0.538000  0.547000  0.557000  0.566000  0.574000  0.579000  0.590000  0.603000   0.609000   0.615000   0.625000   0.633000    0.644000    0.649000    0.648000    0.651000    0.652000 6.470000e-01    0.676000    0.685000
          Indonesia Human_Development_Index  0.524000  0.531000  0.538000  0.545000  0.555000  0.565000  0.575000  0.585000  0.595000  0.591000  0.595000  0.600000  0.608000  0.617000  0.625000  0.624000  0.638000  0.646000  0.649000  0.653000  0.663000  0.670000  0.678000   0.686000   0.690000   0.693000   0.701000    0.705000    0.712000    0.715000    0.714000    0.710000 7.070000e-01    0.726000    0.728000
               Iran Human_Development_Index  0.600538  0.626000  0.645000  0.652000  0.658000  0.664000  0.672000  0.681000  0.687000  0.695000  0.703000  0.710000  0.719000  0.727000  0.732000  0.741000  0.746000  0.757000  0.761000  0.765000  0.771000  0.778000  0.787000   0.795000   0.794000   0.795000   0.788000    0.791000    0.793000    0.790000    0.787000    0.775000 7.770000e-01    0.793000    0.799000
            Ireland Human_Development_Index  0.775818  0.776000  0.780000  0.787000  0.794000  0.805000  0.809000  0.816000  0.823000  0.855000  0.858000  0.869000  0.876000  0.883000  0.891000  0.899000  0.905000  0.908000  0.911000  0.907000  0.907000  0.915000  0.909000   0.911000   0.915000   0.921000   0.931000    0.936000    0.941000    0.944000    0.947000    0.948000 9.460000e-01    0.947000    0.949000
             Israel Human_Development_Index  0.782143  0.787000  0.791000  0.794000  0.801000  0.806000  0.810000  0.817000  0.824000  0.831000  0.839000  0.839000  0.841000  0.846000  0.847000  0.850000  0.858000  0.867000  0.878000  0.878000  0.884000  0.889000  0.892000   0.893000   0.899000   0.902000   0.902000    0.905000    0.908000    0.911000    0.913000    0.912000 9.180000e-01    0.921000    0.919000
              Italy Human_Development_Index  0.785692  0.787000  0.792000  0.800000  0.806000  0.816000  0.823000  0.829000  0.836000  0.840000  0.845000  0.849000  0.856000  0.862000  0.866000  0.874000  0.876000  0.881000  0.885000  0.885000  0.884000  0.887000  0.890000   0.887000   0.887000   0.890000   0.889000    0.894000    0.897000    0.902000    0.906000    0.899000 9.080000e-01    0.905000    0.915000
            Jamaica Human_Development_Index  0.662000  0.662000  0.662000  0.664000  0.664000  0.664000  0.665000  0.664000  0.663000  0.662000  0.662000  0.659000  0.668000  0.672000  0.668000  0.684000  0.687000  0.696000  0.704000  0.711000  0.711000  0.708000  0.711000   0.711000   0.711000   0.712000   0.713000    0.714000    0.715000    0.715000    0.716000    0.711000 7.030000e-01    0.718000    0.720000
             Jordan Human_Development_Index  0.622579  0.619000  0.625000  0.638000  0.643000  0.647000  0.653000  0.657000  0.661000  0.664000  0.668000  0.672000  0.679000  0.686000  0.693000  0.705000  0.713000  0.719000  0.725000  0.733000  0.735000  0.732000  0.734000   0.740000   0.742000   0.742000   0.743000    0.745000    0.747000    0.747000    0.750000    0.743000 7.360000e-01    0.751000    0.754000
            Lesotho Human_Development_Index  0.484000  0.483000  0.482000  0.481000  0.477000  0.478000  0.476000  0.473000  0.469000  0.469000  0.462000  0.462000  0.457000  0.455000  0.456000  0.454000  0.454000  0.451000  0.458000  0.463000  0.468000  0.478000  0.485000   0.496000   0.502000   0.509000   0.517000    0.526000    0.531000    0.538000    0.541000    0.537000 5.320000e-01    0.547000    0.550000
           Malaysia Human_Development_Index  0.646059  0.653000  0.661000  0.670000  0.677000  0.684000  0.691000  0.701000  0.713000  0.718000  0.723000  0.733000  0.731000  0.732000  0.737000  0.739000  0.736000  0.742000  0.754000  0.765000  0.773000  0.779000  0.782000   0.787000   0.791000   0.795000   0.800000    0.805000    0.807000    0.809000    0.812000    0.810000 8.020000e-01    0.810000    0.819000
             Mexico Human_Development_Index  0.666000  0.668000  0.670000  0.672000  0.675000  0.680000  0.680000  0.687000  0.694000  0.701000  0.706000  0.712000  0.715000  0.722000  0.728000  0.732000  0.736000  0.745000  0.747000  0.750000  0.749000  0.751000  0.757000   0.764000   0.765000   0.769000   0.773000    0.778000    0.781000    0.785000    0.788000    0.763000 7.610000e-01    0.783000    0.789000
            Morocco Human_Development_Index  0.443400  0.451000  0.457000  0.461000  0.468000  0.480000  0.484000  0.495000  0.500000  0.507000  0.517000  0.528000  0.539000  0.550000  0.560000  0.567000  0.573000  0.579000  0.586000  0.593000  0.598000  0.607000  0.619000   0.629000   0.639000   0.648000   0.659000    0.665000    0.674000    0.680000    0.687000    0.683000 6.900000e-01    0.704000    0.710000
        Netherlands Human_Development_Index  0.848667  0.855000  0.860000  0.861000  0.863000  0.889000  0.886000  0.890000  0.891000  0.893000  0.894000  0.900000  0.902000  0.898000  0.901000  0.904000  0.907000  0.914000  0.920000  0.920000  0.920000  0.925000  0.935000   0.935000   0.937000   0.939000   0.940000    0.941000    0.945000    0.947000    0.950000    0.945000 9.510000e-01    0.953000    0.955000
            Nigeria Human_Development_Index  0.376111  0.379000  0.383000  0.388000  0.393000  0.397000  0.402000  0.408000  0.413000  0.419000  0.425000  0.435000  0.438000  0.451000  0.464000  0.477000  0.484000  0.489000  0.492000  0.497000  0.499000  0.502000  0.508000   0.512000   0.517000   0.524000   0.530000    0.532000    0.534000    0.537000    0.544000    0.547000 5.540000e-01    0.557000    0.560000
             Norway Human_Development_Index  0.847333  0.856000  0.863000  0.868000  0.875000  0.890000  0.887000  0.894000  0.900000  0.908000  0.913000  0.924000  0.923000  0.923000  0.930000  0.937000  0.939000  0.942000  0.943000  0.943000  0.944000  0.947000  0.949000   0.950000   0.953000   0.956000   0.959000    0.962000    0.965000    0.966000    0.967000    0.969000 9.690000e-01    0.967000    0.970000
           Pakistan Human_Development_Index  0.393111  0.396000  0.400000  0.405000  0.408000  0.412000  0.415000  0.420000  0.422000  0.426000  0.431000  0.436000  0.443000  0.450000  0.458000  0.472000  0.480000  0.489000  0.495000  0.496000  0.497000  0.500000  0.504000   0.508000   0.512000   0.522000   0.527000    0.535000    0.537000    0.538000    0.540000    0.536000 5.370000e-01    0.544000    0.544000
             Panama Human_Development_Index  0.676000  0.672000  0.674000  0.680000  0.686000  0.688000  0.690000  0.694000  0.701000  0.707000  0.712000  0.718000  0.723000  0.730000  0.735000  0.741000  0.746000  0.753000  0.763000  0.767000  0.770000  0.775000  0.781000   0.798000   0.799000   0.798000   0.803000    0.810000    0.815000    0.820000    0.824000    0.808000 8.190000e-01    0.835000    0.839000
        Philippines Human_Development_Index  0.594667  0.593000  0.594000  0.599000  0.602000  0.606000  0.609000  0.619000  0.623000  0.624000  0.628000  0.632000  0.636000  0.643000  0.648000  0.655000  0.656000  0.654000  0.659000  0.662000  0.662000  0.669000  0.674000   0.681000   0.687000   0.689000   0.690000    0.690000    0.694000    0.700000    0.708000    0.699000 6.900000e-01    0.714000    0.720000
             Poland Human_Development_Index  0.732000  0.722000  0.720000  0.724000  0.737000  0.747000  0.754000  0.763000  0.775000  0.784000  0.793000  0.801000  0.809000  0.816000  0.822000  0.820000  0.826000  0.831000  0.836000  0.841000  0.846000  0.852000  0.858000   0.863000   0.873000   0.873000   0.879000    0.884000    0.882000    0.884000    0.887000    0.880000 8.840000e-01    0.902000    0.906000
            Romania Human_Development_Index  0.735640  0.719000  0.705000  0.694000  0.692000  0.695000  0.701000  0.707000  0.709000  0.715000  0.724000  0.730000  0.737000  0.745000  0.749000  0.757000  0.765000  0.781000  0.792000  0.815000  0.826000  0.822000  0.823000   0.817000   0.821000   0.820000   0.823000    0.823000    0.828000    0.833000    0.838000    0.832000 8.290000e-01    0.840000    0.845000
              Spain Human_Development_Index  0.757067  0.766000  0.774000  0.781000  0.789000  0.798000  0.804000  0.811000  0.816000  0.821000  0.825000  0.833000  0.839000  0.844000  0.846000  0.852000  0.857000  0.862000  0.864000  0.865000  0.867000  0.875000  0.879000   0.881000   0.886000   0.890000   0.895000    0.900000    0.902000    0.905000    0.910000    0.901000 9.120000e-01    0.911000    0.918000
          Sri Lanka Human_Development_Index  0.639333  0.638000  0.642000  0.650000  0.658000  0.664000  0.667000  0.672000  0.679000  0.685000  0.692000  0.702000  0.704000  0.709000  0.713000  0.695000  0.721000  0.724000  0.729000  0.730000  0.723000  0.748000  0.753000   0.759000   0.764000   0.767000   0.769000    0.772000    0.777000    0.782000    0.781000    0.780000 7.770000e-01    0.777000    0.776000
             Sweden Human_Development_Index  0.822273  0.818000  0.821000  0.829000  0.850000  0.862000  0.869000  0.877000  0.888000  0.901000  0.906000  0.912000  0.915000  0.918000  0.923000  0.908000  0.911000  0.915000  0.917000  0.913000  0.912000  0.918000  0.920000   0.920000   0.940000   0.943000   0.945000    0.947000    0.949000    0.950000    0.955000    0.951000 9.580000e-01    0.959000    0.959000
        Switzerland Human_Development_Index  0.857200  0.858000  0.860000  0.863000  0.867000  0.870000  0.872000  0.875000  0.880000  0.886000  0.889000  0.892000  0.895000  0.896000  0.901000  0.906000  0.909000  0.918000  0.926000  0.934000  0.942000  0.945000  0.946000   0.949000   0.952000   0.956000   0.957000    0.959000    0.960000    0.962000    0.965000    0.963000 9.680000e-01    0.966000    0.970000
           Thailand Human_Development_Index  0.576053  0.584000  0.593000  0.603000  0.612000  0.620000  0.628000  0.634000  0.639000  0.642000  0.650000  0.657000  0.667000  0.678000  0.690000  0.699000  0.707000  0.710000  0.721000  0.723000  0.725000  0.742000  0.747000   0.750000   0.752000   0.784000   0.788000    0.792000    0.794000    0.796000    0.800000    0.798000 8.000000e-01    0.792000    0.798000
Trinidad And Tobago Human_Development_Index  0.657000  0.661000  0.665000  0.665000  0.667000  0.672000  0.677000  0.684000  0.692000  0.700000  0.708000  0.714000  0.721000  0.730000  0.740000  0.750000  0.756000  0.766000  0.774000  0.782000  0.782000  0.789000  0.792000   0.796000   0.802000   0.805000   0.808000    0.806000    0.806000    0.803000    0.805000    0.800000 7.960000e-01    0.805000    0.807000
             Turkey Human_Development_Index  0.596400  0.598000  0.602000  0.608000  0.615000  0.616000  0.623000  0.630000  0.638000  0.649000  0.652000  0.669000  0.675000  0.685000  0.691000  0.696000  0.701000  0.711000  0.719000  0.721000  0.728000  0.750000  0.764000   0.772000   0.802000   0.813000   0.821000    0.826000    0.833000    0.838000    0.841000    0.838000 8.410000e-01    0.853000    0.853000
     United Kingdom Human_Development_Index  0.813333  0.812000  0.816000  0.824000  0.827000  0.836000  0.835000  0.841000  0.849000  0.856000  0.862000  0.870000  0.876000  0.881000  0.886000  0.897000  0.903000  0.902000  0.905000  0.910000  0.915000  0.921000  0.916000   0.917000   0.931000   0.932000   0.931000    0.934000    0.937000    0.936000    0.941000    0.930000 9.410000e-01    0.946000    0.946000
      United States Human_Development_Index  0.878000  0.878000  0.878000  0.882000  0.884000  0.887000  0.888000  0.890000  0.893000  0.895000  0.895000  0.895000  0.897000  0.898000  0.900000  0.905000  0.907000  0.911000  0.914000  0.914000  0.915000  0.919000  0.920000   0.923000   0.925000   0.926000   0.928000    0.929000    0.931000    0.934000    0.936000    0.925000 9.210000e-01    0.930000    0.938000
          Venezuela Human_Development_Index  0.643889  0.658000  0.669000  0.676000  0.680000  0.681000  0.687000  0.690000  0.698000  0.700000  0.698000  0.703000  0.708000  0.716000  0.707000  0.718000  0.728000  0.736000  0.753000  0.759000  0.760000  0.764000  0.770000   0.772000   0.773000   0.770000   0.768000    0.761000    0.749000    0.741000    0.724000    0.699000 6.960000e-01    0.706000    0.709000
            Algeria    Political_corruption  0.531000  0.531000  0.531000  0.513000  0.575000  0.579000  0.581000  0.581000  0.581000  0.581000  0.646000  0.657000  0.657000  0.657000  0.657000  0.657000  0.657000  0.657000  0.657000  0.657000  0.657000  0.672000  0.672000   0.672000   0.650000   0.650000   0.650000    0.641000    0.656000    0.670000    0.657000    0.680000 6.860000e-01    0.670000    0.670000
          Australia    Political_corruption  0.034000  0.034000  0.034000  0.034000  0.034000  0.034000  0.034000  0.034000  0.034000  0.034000  0.034000  0.034000  0.034000  0.034000  0.034000  0.034000  0.034000  0.034000  0.034000  0.034000  0.034000  0.034000  0.034000   0.034000   0.038000   0.037000   0.037000    0.035000    0.030000    0.034000    0.032000    0.032000 3.200000e-02    0.032000    0.027000
         Bangladesh    Political_corruption  0.870000  0.870000  0.790000  0.816000  0.816000  0.816000  0.816000  0.797000  0.797000  0.797000  0.797000  0.806000  0.806000  0.842000  0.842000  0.842000  0.842000  0.842000  0.794000  0.794000  0.903000  0.914000  0.914000   0.914000   0.899000   0.898000   0.885000    0.888000    0.895000    0.900000    0.901000    0.896000 9.070000e-01    0.918000    0.909000
            Belgium    Political_corruption  0.040000  0.046000  0.046000  0.046000  0.046000  0.046000  0.046000  0.046000  0.031000  0.031000  0.031000  0.031000  0.031000  0.031000  0.031000  0.031000  0.031000  0.031000  0.031000  0.031000  0.031000  0.031000  0.031000   0.031000   0.031000   0.031000   0.031000    0.031000    0.031000    0.031000    0.031000    0.031000 3.100000e-02    0.031000    0.031000
             Brazil    Political_corruption  0.673000  0.608000  0.608000  0.608000  0.567000  0.511000  0.512000  0.510000  0.506000  0.506000  0.506000  0.506000  0.506000  0.548000  0.548000  0.548000  0.496000  0.495000  0.495000  0.495000  0.495000  0.495000  0.494000   0.494000   0.494000   0.507000   0.507000    0.535000    0.535000    0.535000    0.547000    0.536000 5.390000e-01    0.543000    0.460000
             Canada    Political_corruption  0.033000  0.033000  0.033000  0.033000  0.033000  0.035000  0.035000  0.035000  0.035000  0.035000  0.035000  0.035000  0.035000  0.035000  0.035000  0.035000  0.035000  0.035000  0.031000  0.032000  0.032000  0.029000  0.029000   0.029000   0.021000   0.021000   0.021000    0.021000    0.021000    0.021000    0.023000    0.029000 2.900000e-02    0.029000    0.029000
              Chile    Political_corruption  0.282000  0.067000  0.061000  0.061000  0.061000  0.061000  0.061000  0.061000  0.061000  0.061000  0.061000  0.061000  0.061000  0.061000  0.061000  0.061000  0.061000  0.061000  0.061000  0.061000  0.061000  0.068000  0.068000   0.068000   0.076000   0.076000   0.085000    0.085000    0.074000    0.057000    0.056000    0.056000 6.700000e-02    0.063000    0.068000
              China    Political_corruption  0.479000  0.513000  0.513000  0.527000  0.559000  0.576000  0.576000  0.576000  0.576000  0.576000  0.593000  0.598000  0.598000  0.598000  0.598000  0.598000  0.554000  0.554000  0.554000  0.553000  0.551000  0.551000  0.551000   0.541000   0.490000   0.486000   0.481000    0.481000    0.482000    0.476000    0.462000    0.457000 4.680000e-01    0.465000    0.525000
         Costa Rica    Political_corruption  0.284000  0.262000  0.262000  0.262000  0.262000  0.262000  0.199000  0.199000  0.199000  0.199000  0.176000  0.176000  0.176000  0.176000  0.173000  0.173000  0.173000  0.187000  0.187000  0.187000  0.187000  0.187000  0.184000   0.187000   0.187000   0.179000   0.182000    0.187000    0.201000    0.196000    0.190000    0.190000 1.900000e-01    0.190000    0.190000
            Denmark    Political_corruption  0.002000  0.002000  0.002000  0.002000  0.002000  0.002000  0.002000  0.002000  0.002000  0.002000  0.002000  0.002000  0.002000  0.002000  0.002000  0.002000  0.002000  0.002000  0.002000  0.002000  0.002000  0.002000  0.002000   0.002000   0.002000   0.002000   0.002000    0.002000    0.002000    0.002000    0.002000    0.002000 2.000000e-03    0.002000    0.003000
 Dominican Republic    Political_corruption  0.818000  0.818000  0.818000  0.818000  0.818000  0.818000  0.818000  0.818000  0.783000  0.783000  0.783000  0.783000  0.783000  0.783000  0.783000  0.783000  0.783000  0.783000  0.783000  0.783000  0.783000  0.783000  0.783000   0.783000   0.768000   0.768000   0.756000    0.756000    0.770000    0.790000    0.808000    0.616000 6.090000e-01    0.610000    0.614000
        El Salvador    Political_corruption  0.815000  0.815000  0.815000  0.771000  0.737000  0.720000  0.720000  0.720000  0.720000  0.720000  0.720000  0.720000  0.720000  0.720000  0.720000  0.753000  0.745000  0.745000  0.745000  0.739000  0.717000  0.692000  0.692000   0.692000   0.624000   0.608000   0.603000    0.609000    0.628000    0.685000    0.598000    0.668000 7.110000e-01    0.747000    0.696000
            Finland    Political_corruption  0.015000  0.015000  0.015000  0.015000  0.015000  0.015000  0.015000  0.015000  0.015000  0.015000  0.015000  0.015000  0.015000  0.015000  0.015000  0.015000  0.015000  0.015000  0.015000  0.015000  0.015000  0.015000  0.015000   0.015000   0.012000   0.012000   0.012000    0.012000    0.012000    0.019000    0.010000    0.011000 1.100000e-02    0.011000    0.015000
             France    Political_corruption  0.061000  0.061000  0.061000  0.061000  0.061000  0.061000  0.061000  0.061000  0.061000  0.061000  0.061000  0.061000  0.061000  0.061000  0.061000  0.061000  0.061000  0.061000  0.061000  0.061000  0.061000  0.061000  0.061000   0.061000   0.055000   0.055000   0.055000    0.055000    0.055000    0.062000    0.065000    0.058000 5.800000e-02    0.050000    0.049000
              Ghana    Political_corruption  0.752000  0.752000  0.752000  0.776000  0.699000  0.650000  0.650000  0.650000  0.650000  0.650000  0.650000  0.594000  0.594000  0.631000  0.631000  0.631000  0.631000  0.631000  0.631000  0.631000  0.631000  0.630000  0.630000   0.630000   0.608000   0.608000   0.612000    0.620000    0.621000    0.624000    0.616000    0.631000 6.130000e-01    0.638000    0.638000
           Honduras    Political_corruption  0.848000  0.848000  0.853000  0.853000  0.853000  0.844000  0.844000  0.844000  0.844000  0.844000  0.844000  0.839000  0.839000  0.844000  0.844000  0.844000  0.844000  0.844000  0.845000  0.845000  0.845000  0.847000  0.854000   0.854000   0.853000   0.853000   0.853000    0.853000    0.838000    0.845000    0.841000    0.828000 8.140000e-01    0.768000    0.745000
            Hungary    Political_corruption  0.448000  0.261000  0.252000  0.262000  0.252000  0.244000  0.244000  0.244000  0.244000  0.244000  0.271000  0.276000  0.276000  0.276000  0.274000  0.274000  0.274000  0.274000  0.285000  0.285000  0.275000  0.351000  0.388000   0.407000   0.435000   0.442000   0.451000    0.453000    0.466000    0.469000    0.469000    0.480000 4.760000e-01    0.505000    0.505000
              India    Political_corruption  0.450000  0.494000  0.494000  0.548000  0.548000  0.548000  0.548000  0.548000  0.548000  0.548000  0.548000  0.548000  0.548000  0.548000  0.548000  0.548000  0.548000  0.548000  0.548000  0.548000  0.548000  0.576000  0.579000   0.579000   0.579000   0.573000   0.615000    0.615000    0.618000    0.623000    0.623000    0.661000 6.860000e-01    0.688000    0.671000
          Indonesia    Political_corruption  0.943000  0.943000  0.943000  0.943000  0.943000  0.943000  0.943000  0.943000  0.943000  0.848000  0.761000  0.762000  0.762000  0.762000  0.762000  0.757000  0.750000  0.748000  0.747000  0.751000  0.750000  0.749000  0.750000   0.751000   0.755000   0.757000   0.692000    0.698000    0.705000    0.733000    0.742000    0.765000 7.550000e-01    0.738000    0.766000
               Iran    Political_corruption  0.633000  0.633000  0.633000  0.633000  0.633000  0.633000  0.633000  0.633000  0.516000  0.516000  0.516000  0.516000  0.516000  0.516000  0.533000  0.533000  0.727000  0.727000  0.727000  0.727000  0.740000  0.739000  0.739000   0.739000   0.734000   0.733000   0.733000    0.725000    0.756000    0.768000    0.767000    0.778000 7.820000e-01    0.768000    0.787000
            Ireland    Political_corruption  0.142000  0.142000  0.142000  0.080000  0.080000  0.080000  0.080000  0.063000  0.063000  0.058000  0.052000  0.052000  0.052000  0.052000  0.052000  0.052000  0.052000  0.052000  0.052000  0.050000  0.043000  0.042000  0.036000   0.033000   0.030000   0.030000   0.030000    0.030000    0.026000    0.026000    0.032000    0.032000 3.200000e-02    0.032000    0.032000
             Israel    Political_corruption  0.116000  0.116000  0.116000  0.116000  0.116000  0.116000  0.116000  0.116000  0.116000  0.116000  0.116000  0.119000  0.119000  0.119000  0.119000  0.119000  0.119000  0.122000  0.122000  0.103000  0.103000  0.108000  0.108000   0.108000   0.108000   0.108000   0.108000    0.110000    0.112000    0.117000    0.123000    0.123000 1.000000e-01    0.118000    0.127000
              Italy    Political_corruption  0.347000  0.347000  0.347000  0.338000  0.265000  0.283000  0.283000  0.248000  0.248000  0.248000  0.248000  0.254000  0.272000  0.272000  0.272000  0.272000  0.272000  0.236000  0.236000  0.277000  0.277000  0.241000  0.214000   0.214000   0.199000   0.202000   0.202000    0.209000    0.201000    0.201000    0.201000    0.181000 1.550000e-01    0.155000    0.171000
            Jamaica    Political_corruption  0.191000  0.169000  0.169000  0.169000  0.169000  0.169000  0.169000  0.169000  0.169000  0.169000  0.169000  0.169000  0.169000  0.169000  0.169000  0.169000  0.169000  0.169000  0.169000  0.169000  0.169000  0.169000  0.169000   0.169000   0.129000   0.129000   0.129000    0.125000    0.125000    0.120000    0.120000    0.164000 1.680000e-01    0.160000    0.202000
             Jordan    Political_corruption  0.486000  0.469000  0.469000  0.469000  0.469000  0.469000  0.469000  0.469000  0.469000  0.469000  0.465000  0.325000  0.376000  0.376000  0.376000  0.508000  0.508000  0.508000  0.508000  0.508000  0.508000  0.505000  0.503000   0.503000   0.525000   0.523000   0.523000    0.523000    0.509000    0.485000    0.496000    0.496000 4.950000e-01    0.483000    0.483000
            Lesotho    Political_corruption  0.630000  0.637000  0.584000  0.584000  0.458000  0.458000  0.458000  0.458000  0.458000  0.593000  0.593000  0.593000  0.593000  0.574000  0.566000  0.566000  0.566000  0.566000  0.566000  0.566000  0.566000  0.566000  0.566000   0.552000   0.473000   0.473000   0.555000    0.528000    0.486000    0.505000    0.461000    0.477000 5.240000e-01    0.517000    0.541000
           Malaysia    Political_corruption  0.528000  0.528000  0.551000  0.551000  0.551000  0.551000  0.556000  0.556000  0.556000  0.556000  0.556000  0.569000  0.569000  0.594000  0.598000  0.598000  0.593000  0.593000  0.593000  0.593000  0.600000  0.602000  0.597000   0.597000   0.575000   0.575000   0.575000    0.575000    0.506000    0.268000    0.290000    0.415000 4.150000e-01    0.365000    0.324000
             Mexico    Political_corruption  0.766000  0.766000  0.766000  0.766000  0.766000  0.676000  0.658000  0.658000  0.639000  0.637000  0.637000  0.550000  0.548000  0.573000  0.608000  0.608000  0.608000  0.607000  0.607000  0.607000  0.607000  0.632000  0.632000   0.661000   0.759000   0.759000   0.726000    0.726000    0.686000    0.655000    0.611000    0.598000 5.100000e-01    0.549000    0.533000
            Morocco    Political_corruption  0.779000  0.779000  0.779000  0.779000  0.779000  0.779000  0.779000  0.779000  0.776000  0.756000  0.756000  0.743000  0.743000  0.718000  0.718000  0.718000  0.694000  0.694000  0.694000  0.694000  0.694000  0.694000  0.680000   0.679000   0.679000   0.683000   0.691000    0.678000    0.646000    0.646000    0.646000    0.646000 6.430000e-01    0.643000    0.643000
        Netherlands    Political_corruption  0.019000  0.019000  0.019000  0.019000  0.019000  0.019000  0.019000  0.019000  0.019000  0.019000  0.019000  0.019000  0.019000  0.022000  0.016000  0.016000  0.016000  0.016000  0.016000  0.016000  0.016000  0.016000  0.016000   0.016000   0.023000   0.023000   0.019000    0.019000    0.019000    0.018000    0.018000    0.021000 2.100000e-02    0.021000    0.021000
            Nigeria    Political_corruption  0.837000  0.837000  0.837000  0.837000  0.837000  0.837000  0.837000  0.837000  0.837000  0.837000  0.923000  0.934000  0.934000  0.934000  0.934000  0.934000  0.934000  0.935000  0.934000  0.934000  0.935000  0.948000  0.952000   0.952000   0.951000   0.951000   0.931000    0.916000    0.913000    0.931000    0.934000    0.935000 9.390000e-01    0.929000    0.921000
             Norway    Political_corruption  0.006000  0.006000  0.006000  0.006000  0.006000  0.006000  0.006000  0.006000  0.006000  0.006000  0.006000  0.006000  0.006000  0.006000  0.006000  0.006000  0.006000  0.006000  0.006000  0.006000  0.006000  0.006000  0.006000   0.006000   0.006000   0.006000   0.006000    0.006000    0.009000    0.009000    0.009000    0.011000 1.100000e-02    0.011000    0.011000
           Pakistan    Political_corruption  0.802000  0.829000  0.829000  0.829000  0.829000  0.829000  0.829000  0.829000  0.829000  0.829000  0.822000  0.749000  0.749000  0.829000  0.867000  0.867000  0.867000  0.867000  0.867000  0.929000  0.929000  0.926000  0.926000   0.924000   0.904000   0.891000   0.884000    0.884000    0.899000    0.899000    0.904000    0.903000 8.970000e-01    0.899000    0.913000
             Panama    Political_corruption  0.764000  0.703000  0.577000  0.577000  0.577000  0.577000  0.577000  0.577000  0.577000  0.577000  0.577000  0.577000  0.577000  0.577000  0.577000  0.577000  0.577000  0.577000  0.577000  0.577000  0.577000  0.577000  0.577000   0.577000   0.572000   0.572000   0.572000    0.572000    0.545000    0.502000    0.499000    0.508000 4.730000e-01    0.473000    0.493000
        Philippines    Political_corruption  0.758000  0.758000  0.726000  0.711000  0.711000  0.719000  0.719000  0.719000  0.719000  0.760000  0.769000  0.769000  0.765000  0.749000  0.749000  0.809000  0.809000  0.809000  0.809000  0.809000  0.809000  0.729000  0.721000   0.721000   0.719000   0.719000   0.719000    0.736000    0.746000    0.746000    0.755000    0.779000 7.840000e-01    0.817000    0.830000
             Poland    Political_corruption  0.204000  0.082000  0.082000  0.082000  0.082000  0.082000  0.082000  0.082000  0.082000  0.082000  0.082000  0.082000  0.082000  0.082000  0.082000  0.082000  0.082000  0.081000  0.081000  0.082000  0.082000  0.084000  0.084000   0.084000   0.084000   0.092000   0.072000    0.093000    0.094000    0.105000    0.105000    0.123000 1.370000e-01    0.137000    0.127000
            Romania    Political_corruption  0.373000  0.649000  0.712000  0.712000  0.712000  0.712000  0.712000  0.712000  0.712000  0.712000  0.712000  0.786000  0.781000  0.781000  0.781000  0.712000  0.701000  0.689000  0.667000  0.648000  0.638000  0.596000  0.596000   0.593000   0.472000   0.443000   0.443000    0.356000    0.466000    0.506000    0.388000    0.350000 2.960000e-01    0.318000    0.328000
              Spain    Political_corruption  0.039000  0.039000  0.039000  0.039000  0.039000  0.039000  0.039000  0.039000  0.039000  0.039000  0.039000  0.039000  0.039000  0.039000  0.039000  0.039000  0.039000  0.039000  0.039000  0.039000  0.039000  0.039000  0.042000   0.046000   0.054000   0.054000   0.054000    0.063000    0.051000    0.037000    0.037000    0.034000 3.800000e-02    0.051000    0.070000
          Sri Lanka    Political_corruption  0.413000  0.413000  0.413000  0.413000  0.413000  0.435000  0.435000  0.435000  0.435000  0.435000  0.435000  0.435000  0.425000  0.425000  0.425000  0.425000  0.565000  0.565000  0.565000  0.565000  0.572000  0.636000  0.636000   0.636000   0.644000   0.651000   0.517000    0.493000    0.491000    0.507000    0.507000    0.610000 6.330000e-01    0.553000    0.553000
             Sweden    Political_corruption  0.004000  0.004000  0.004000  0.004000  0.004000  0.004000  0.004000  0.004000  0.004000  0.004000  0.004000  0.004000  0.004000  0.004000  0.004000  0.004000  0.004000  0.004000  0.004000  0.004000  0.004000  0.004000  0.004000   0.004000   0.004000   0.004000   0.008000    0.008000    0.008000    0.008000    0.009000    0.008000 8.000000e-03    0.010000    0.010000
        Switzerland    Political_corruption  0.022000  0.022000  0.022000  0.022000  0.022000  0.022000  0.022000  0.022000  0.022000  0.022000  0.022000  0.022000  0.022000  0.022000  0.022000  0.022000  0.022000  0.022000  0.022000  0.024000  0.024000  0.022000  0.024000   0.024000   0.024000   0.024000   0.020000    0.020000    0.022000    0.022000    0.022000    0.022000 2.000000e-02    0.019000    0.022000
           Thailand    Political_corruption  0.773000  0.773000  0.773000  0.763000  0.763000  0.763000  0.763000  0.763000  0.713000  0.717000  0.717000  0.677000  0.677000  0.677000  0.677000  0.677000  0.677000  0.677000  0.666000  0.672000  0.680000  0.684000  0.684000   0.684000   0.682000   0.705000   0.701000    0.701000    0.701000    0.712000    0.720000    0.705000 7.050000e-01    0.674000    0.674000
Trinidad And Tobago    Political_corruption  0.133000  0.145000  0.145000  0.145000  0.145000  0.145000  0.154000  0.154000  0.154000  0.154000  0.154000  0.154000  0.154000  0.143000  0.143000  0.143000  0.143000  0.143000  0.143000  0.143000  0.150000  0.161000  0.161000   0.161000   0.161000   0.161000   0.161000    0.097000    0.118000    0.104000    0.094000    0.098000 8.500000e-02    0.085000    0.089000
             Turkey    Political_corruption  0.479000  0.479000  0.479000  0.479000  0.479000  0.479000  0.479000  0.479000  0.479000  0.479000  0.507000  0.503000  0.503000  0.518000  0.518000  0.532000  0.532000  0.537000  0.551000  0.585000  0.585000  0.657000  0.675000   0.693000   0.716000   0.782000   0.785000    0.829000    0.843000    0.839000    0.851000    0.854000 8.420000e-01    0.847000    0.846000
     United Kingdom    Political_corruption  0.031000  0.031000  0.031000  0.031000  0.031000  0.031000  0.031000  0.031000  0.031000  0.033000  0.033000  0.033000  0.040000  0.040000  0.040000  0.040000  0.040000  0.040000  0.040000  0.040000  0.040000  0.040000  0.040000   0.040000   0.040000   0.040000   0.040000    0.040000    0.038000    0.038000    0.041000    0.043000 5.300000e-02    0.053000    0.051000
      United States    Political_corruption  0.073000  0.057000  0.057000  0.057000  0.057000  0.057000  0.057000  0.057000  0.057000  0.057000  0.057000  0.057000  0.057000  0.057000  0.057000  0.057000  0.057000  0.057000  0.057000  0.057000  0.055000  0.055000  0.055000   0.054000   0.054000   0.054000   0.054000    0.070000    0.104000    0.101000    0.097000    0.088000 6.800000e-02    0.059000    0.055000
          Venezuela    Political_corruption  0.716000  0.700000  0.700000  0.706000  0.697000  0.697000  0.690000  0.690000  0.695000  0.695000  0.732000  0.898000  0.898000  0.905000  0.905000  0.916000  0.934000  0.934000  0.947000  0.943000  0.947000  0.955000  0.958000   0.958000   0.967000   0.967000   0.938000    0.846000    0.849000    0.917000    0.957000    0.962000 9.690000e-01    0.971000    0.969000
            Algeria        Gini_coefficient  0.371179  0.368625  0.365904  0.363014  0.359952  0.356715  0.353301  0.349715  0.345968  0.342057  0.337983  0.333746  0.329343  0.324776  0.320043  0.315144  0.310078  0.304846  0.299445  0.293877  0.288140  0.282233  0.276157   0.269911   0.263494   0.256905   0.250145    0.243212    0.236107    0.228828    0.221375    0.213747 2.059448e-01    0.197967    0.189813
          Australia        Gini_coefficient  0.331519  0.331095  0.330033  0.328653  0.327273  0.326211  0.325786  0.326402  0.327954  0.329997  0.332085  0.333775  0.334620  0.334863  0.334969  0.330558  0.334265  0.342421  0.350578  0.354285  0.350727  0.346567  0.345709   0.345266   0.344827   0.343982   0.340121    0.336852    0.338430    0.343326    0.351787    0.364058 3.803875e-01    0.401020    0.426202
         Bangladesh        Gini_coefficient  0.285158  0.279016  0.275708  0.283766  0.301673  0.320028  0.329430  0.331059  0.332352  0.333294  0.333870  0.334065  0.333962  0.333674  0.333231  0.332667  0.332013  0.330458  0.327747  0.324742  0.322307  0.321303  0.321398   0.321664   0.322071   0.322591   0.323195    0.323853    0.324740    0.326011    0.327606    0.329464 3.315261e-01    0.333732    0.336021
            Belgium        Gini_coefficient  0.255920  0.253289  0.250659  0.249463  0.258445  0.275126  0.284108  0.276215  0.268321  0.284665  0.315016  0.331359  0.318415  0.294377  0.281433  0.305414  0.293369  0.280540  0.292377  0.283737  0.285512  0.283748  0.280604   0.274905   0.276688   0.281340   0.277293    0.275807    0.273876    0.272142    0.272195    0.259583 2.657763e-01    0.297195    0.373097
             Brazil        Gini_coefficient  0.632447  0.604500  0.559940  0.531017  0.600656  0.597980  0.595304  0.598373  0.597537  0.595654  0.589504  0.586491  0.584025  0.581054  0.575531  0.564716  0.563099  0.556421  0.549189  0.540374  0.536819  0.532213  0.529416   0.534353   0.526833   0.520296   0.519264    0.533671    0.533211    0.538883    0.535093    0.489020 5.293872e-01    0.520152    0.455507
             Canada        Gini_coefficient  0.310125  0.313654  0.319434  0.315643  0.316759  0.313038  0.315096  0.327681  0.331169  0.332172  0.330609  0.334183  0.335548  0.335603  0.338095  0.337765  0.336218  0.340905  0.338410  0.339306  0.339522  0.335926  0.326571   0.335390   0.337990   0.331576   0.337465    0.327018    0.333082    0.325093    0.317496    0.310303 3.035429e-01    0.297245    0.291440
              Chile        Gini_coefficient  0.571968  0.572354  0.560209  0.548065  0.556137  0.564210  0.556449  0.548688  0.551927  0.555167  0.543067  0.527584  0.522668  0.519411  0.514752  0.502560  0.486249  0.477068  0.475791  0.475086  0.474046  0.471088  0.468681   0.468465   0.468239   0.460904   0.453433    0.452892    0.452699    0.457197    0.465550    0.470048 4.577493e-01    0.430427    0.402441
              China        Gini_coefficient  0.313683  0.322266  0.328541  0.333844  0.338778  0.343038  0.346997  0.352277  0.361667  0.374460  0.387032  0.400544  0.413848  0.419857  0.417044  0.411821  0.409008  0.413273  0.422126  0.429650  0.434772  0.437450  0.424092   0.422372   0.397364   0.391777   0.385953    0.384805    0.390758    0.384976    0.381683    0.370908 3.574375e-01    0.341571    0.324207
         Costa Rica        Gini_coefficient  0.454672  0.452159  0.465553  0.456409  0.459281  0.467030  0.456601  0.464791  0.455790  0.456381  0.476314  0.474104  0.515062  0.518128  0.493005  0.484177  0.475103  0.492806  0.493129  0.486409  0.505548  0.480431  0.487593   0.484173   0.491518   0.486321   0.483740    0.487042    0.483452    0.479700    0.481899    0.492451 4.867805e-01    0.471513    0.467293
            Denmark        Gini_coefficient  0.257874  0.254637  0.250931  0.246910  0.240578  0.233140  0.229559  0.229969  0.231114  0.232864  0.235090  0.237663  0.243699  0.252077  0.256310  0.249118  0.251864  0.259131  0.261843  0.252463  0.267012  0.271986  0.273117   0.277907   0.285425   0.283529   0.281772    0.281874    0.287467    0.281657    0.277233    0.275039 2.832349e-01    0.295818    0.294783
 Dominican Republic        Gini_coefficient  0.504481  0.507510  0.509691  0.510529  0.504850  0.492358  0.479866  0.474188  0.489015  0.500885  0.510913  0.515136  0.499989  0.496715  0.521196  0.520499  0.499648  0.519611  0.488551  0.481074  0.488756  0.473258  0.477069   0.461335   0.476564   0.442794   0.451809    0.457226    0.421930    0.436861    0.419171    0.396283 3.852930e-01    0.369794    0.350553
        El Salvador        Gini_coefficient  0.487155  0.521831  0.537936  0.531772  0.518209  0.504646  0.498482  0.509581  0.529971  0.543785  0.520807  0.514638  0.513474  0.518517  0.504364  0.477991  0.484723  0.456894  0.452175  0.468856  0.458249  0.435133  0.423180   0.418288   0.433587   0.415595   0.405518    0.399785    0.380072    0.386106    0.387788    0.389298 3.901075e-01    0.387532    0.385127
            Finland        Gini_coefficient  0.225425  0.227157  0.228798  0.230156  0.231309  0.232655  0.234591  0.239515  0.248006  0.257733  0.266363  0.271566  0.273711  0.275226  0.276864  0.278977  0.276195  0.279987  0.282856  0.278381  0.274553  0.277140  0.276426   0.270964   0.271937   0.267768   0.271018    0.270784    0.273828    0.273296    0.277371    0.270910 2.770851e-01    0.296181    0.329058
             France        Gini_coefficient  0.322136  0.321191  0.320945  0.320805  0.320713  0.320613  0.320449  0.320166  0.319001  0.316578  0.324998  0.325531  0.325333  0.317782  0.314111  0.306473  0.298339  0.296911  0.324277  0.329964  0.326612  0.337204  0.332948   0.331149   0.325126   0.322622   0.327042    0.319235    0.316321    0.323807    0.311996    0.306615 3.150095e-01    0.334166    0.355043
              Ghana        Gini_coefficient  0.368527  0.377841  0.384346  0.387778  0.390406  0.392493  0.394304  0.396102  0.398150  0.400712  0.404338  0.409010  0.414144  0.419155  0.423459  0.426470  0.427604  0.427389  0.426834  0.426076  0.425250  0.424492  0.423937   0.423722   0.424737   0.427379   0.431043    0.435124    0.439019    0.442122    0.443828    0.443533 4.406332e-01    0.434523    0.424597
           Honduras        Gini_coefficient  0.553673  0.559286  0.518214  0.518052  0.534458  0.549925  0.554708  0.556984  0.527278  0.572938  0.552200  0.552559  0.553521  0.557102  0.580804  0.580946  0.594793  0.575266  0.558160  0.554900  0.512818  0.530857  0.525542   0.533654   0.499587   0.498754   0.492488    0.498103    0.494414    0.489363    0.481628    0.471774 4.614879e-01    0.452460    0.446380
            Hungary        Gini_coefficient  0.250478  0.278809  0.296239  0.287811  0.279383  0.332860  0.329875  0.322678  0.313909  0.306203  0.302198  0.301013  0.300030  0.299283  0.298809  0.298644  0.347211  0.282961  0.278819  0.275140  0.269593  0.294441  0.291579   0.308026   0.315041   0.309135   0.304073    0.303244    0.305827    0.296115    0.299505    0.297118 2.917205e-01    0.284477    0.278880
              India        Gini_coefficient  0.322243  0.320068  0.317893  0.316220  0.315551  0.315963  0.317113  0.318877  0.321131  0.323748  0.326604  0.329574  0.332532  0.335354  0.337915  0.340089  0.341903  0.343557  0.345183  0.346916  0.348890  0.351975  0.353991   0.352880   0.350437   0.347993   0.346883    0.347468    0.359005    0.345506    0.338128    0.337785 3.277978e-01    0.317171    0.332920
          Indonesia        Gini_coefficient  0.307995  0.310693  0.312670  0.314681  0.317550  0.325513  0.336558  0.342138  0.325624  0.308539  0.307885  0.303063  0.311659  0.301638  0.293232  0.304165  0.299036  0.315241  0.332317  0.326329  0.334327  0.345863  0.379259   0.371489   0.389269   0.387800   0.382075    0.368857    0.363679    0.363386    0.353599    0.353356 3.550476e-01    0.355120    0.360570
               Iran        Gini_coefficient  0.440940  0.436048  0.433629  0.431708  0.430441  0.429984  0.431698  0.435470  0.439242  0.440956  0.440659  0.439892  0.438843  0.437700  0.436651  0.435884  0.435586  0.447520  0.443869  0.434214  0.420500  0.380799  0.346620   0.344255   0.339695   0.348140   0.352640    0.359123    0.366937    0.374199    0.364823    0.358430 3.546873e-01    0.348034    0.339286
            Ireland        Gini_coefficient  0.359702  0.361924  0.363964  0.365838  0.367559  0.369142  0.370451  0.356221  0.347527  0.340535  0.334845  0.330052  0.325358  0.322903  0.328874  0.336095  0.337540  0.327276  0.319466  0.309057  0.326804  0.322950  0.328724   0.332201   0.334860   0.318746   0.318205    0.328072    0.313588    0.306029    0.308315    0.292282 3.011928e-01    0.342170    0.436579
             Israel        Gini_coefficient  0.359989  0.357622  0.355801  0.355073  0.357291  0.362764  0.369717  0.376377  0.380971  0.383315  0.384961  0.386739  0.389477  0.395594  0.407226  0.414563  0.422676  0.415553  0.410986  0.416427  0.426339  0.425595  0.414442   0.413022   0.398705   0.397575   0.397195    0.390130    0.382021    0.385772    0.382822    0.377736 3.789385e-01    0.387359    0.410214
              Italy        Gini_coefficient  0.321061  0.314031  0.310499  0.330379  0.350863  0.351526  0.352108  0.356311  0.363019  0.366523  0.360473  0.352448  0.348715  0.346957  0.349287  0.342930  0.338310  0.336948  0.328883  0.337677  0.338330  0.347168  0.350530   0.351515   0.349057   0.346524   0.353900    0.352396    0.359222    0.352173    0.345836    0.352409 3.484458e-01    0.331336    0.293251
            Jamaica        Gini_coefficient  0.422791  0.411137  0.391334  0.367989  0.356734  0.365909  0.385577  0.403949  0.416712  0.428464  0.440788  0.457611  0.475092  0.483157  0.471438  0.454575  0.444273  0.434019  0.423928  0.414113  0.404690  0.395773  0.387477   0.379915   0.373203   0.367454   0.362784    0.359306    0.357136    0.356387    0.363980    0.381732 4.021027e-01    0.417550    0.420532
             Jordan        Gini_coefficient  0.414866  0.424044  0.429312  0.430996  0.424050  0.407486  0.387716  0.371151  0.364205  0.364761  0.366085  0.367666  0.368991  0.369546  0.366007  0.357527  0.347310  0.338563  0.330412  0.325734  0.328315  0.336557  0.351214   0.373036   0.402777   0.441187   0.489019    0.547025    0.615957    0.696567    0.789607    0.895828 1.015983e+00    1.150823    1.301102
            Lesotho        Gini_coefficient  0.606352  0.615689  0.622460  0.626948  0.629435  0.630201  0.625886  0.614351  0.597714  0.578090  0.557597  0.538352  0.522470  0.512069  0.505203  0.498545  0.492132  0.486005  0.480203  0.474766  0.469734  0.465145  0.461040   0.457458   0.454438   0.452021   0.450245    0.449151    0.448777    0.449164    0.450351    0.452377 4.552822e-01    0.459106    0.463888
           Malaysia        Gini_coefficient  0.461685  0.464723  0.471062  0.476537  0.479743  0.482444  0.485227  0.489116  0.491496  0.490174  0.486658  0.481622  0.475744  0.469699  0.464162  0.457600  0.450713  0.447524  0.451160  0.454797  0.452495  0.446779  0.439436   0.425208   0.413488   0.411439   0.410664    0.410950    0.411482    0.411768    0.411056    0.409214 4.066843e-01    0.403910    0.401332
             Mexico        Gini_coefficient  0.501093  0.507440  0.515631  0.523107  0.530232  0.534223  0.526969  0.519715  0.525969  0.532833  0.533810  0.534177  0.520556  0.505830  0.504078  0.503431  0.509391  0.497123  0.502780  0.508437  0.492508  0.476580  0.486276   0.495973   0.493824   0.489124   0.479468    0.469124    0.464123    0.459549    0.452892    0.445943 4.399787e-01    0.434540    0.429701
            Morocco        Gini_coefficient  0.390679  0.392069  0.392367  0.392549  0.392658  0.392733  0.392818  0.392952  0.393179  0.393539  0.399985  0.406369  0.406649  0.406861  0.407013  0.407113  0.407167  0.407183  0.406859  0.405943  0.404521  0.402679  0.400502   0.398076   0.395485   0.392816   0.390154    0.387585    0.385194    0.383066    0.381287    0.379943 3.791192e-01    0.378901    0.379373
        Netherlands        Gini_coefficient  0.299674  0.310867  0.309773  0.307224  0.304314  0.300668  0.295753  0.290430  0.285562  0.282010  0.280634  0.282440  0.286747  0.291887  0.296194  0.298000  0.290482  0.300433  0.295928  0.292980  0.278820  0.278452  0.277501   0.276209   0.281065   0.286314   0.282416    0.281736    0.285358    0.281210    0.292483    0.259942 2.574387e-01    0.260657    0.271744
            Nigeria        Gini_coefficient  0.415028  0.425554  0.436920  0.448855  0.466606  0.489891  0.510143  0.518798  0.513373  0.499107  0.479012  0.456101  0.433384  0.413876  0.400588  0.391537  0.382926  0.375040  0.368168  0.362596  0.358612  0.356502  0.355547   0.355130   0.356081   0.357847   0.358798    0.357819    0.355170    0.351277    0.346570    0.341475 3.364218e-01    0.331837    0.328150
             Norway        Gini_coefficient  0.249083  0.250681  0.252262  0.253922  0.255847  0.257963  0.260196  0.262833  0.265924  0.269035  0.271734  0.273588  0.274393  0.274936  0.276269  0.315780  0.305970  0.263538  0.270906  0.269963  0.261582  0.257237  0.253002   0.257260   0.263611   0.267526   0.274967    0.284933    0.269867    0.275602    0.277418    0.273855 2.596700e-01    0.229622    0.178469
           Pakistan        Gini_coefficient  0.332836  0.332480  0.328807  0.320242  0.309264  0.298353  0.289989  0.286650  0.308941  0.331233  0.319643  0.298120  0.286530  0.291269  0.300970  0.308861  0.312613  0.305767  0.296695  0.292412  0.289123  0.287809  0.296980   0.296133   0.295286   0.304099   0.312913    0.311692    0.306690    0.295893    0.277288    0.248864 2.086077e-01    0.154507    0.084548
             Panama        Gini_coefficient  0.586228  0.583629  0.580292  0.578896  0.577742  0.576957  0.576667  0.579049  0.581431  0.573636  0.563534  0.565921  0.567076  0.560917  0.556502  0.547725  0.538003  0.546364  0.526853  0.526930  0.517704  0.516088  0.513470   0.517390   0.514560   0.504656   0.508057    0.504069    0.498851    0.492115    0.498375    0.504902 5.085843e-01    0.503027    0.488758
        Philippines        Gini_coefficient  0.415441  0.430257  0.438236  0.435811  0.431308  0.428884  0.436853  0.451653  0.459622  0.452791  0.438931  0.427995  0.421875  0.416961  0.414947  0.418483  0.425052  0.428588  0.425740  0.420451  0.417603  0.418806  0.421040   0.422243   0.418985   0.411564   0.403515    0.394399    0.384431    0.378117    0.375383    0.373430 3.726847e-01    0.373572    0.376517
             Poland        Gini_coefficient  0.267942  0.275084  0.283028  0.292986  0.311895  0.335101  0.346431  0.342753  0.334661  0.326570  0.322892  0.328853  0.343070  0.360039  0.374256  0.380218  0.358084  0.346675  0.340013  0.334856  0.333557  0.332148  0.331806   0.330202   0.331373   0.328244   0.317509    0.311892    0.296853    0.302149    0.287602    0.284626 2.847950e-01    0.285978    0.289190
            Romania        Gini_coefficient  0.233073  0.237975  0.245483  0.254617  0.265838  0.282006  0.311580  0.308312  0.305044  0.308177  0.316574  0.328731  0.343144  0.358308  0.372721  0.384878  0.393275  0.396408  0.375477  0.364287  0.355643  0.354711  0.358666   0.365454   0.369151   0.360090   0.359136    0.344067    0.360126    0.357584    0.348005    0.345702 3.385264e-01    0.328983    0.324585
              Spain        Gini_coefficient  0.322704  0.320232  0.329657  0.347160  0.356585  0.351037  0.357266  0.364646  0.353244  0.345801  0.337919  0.341289  0.335254  0.324045  0.318009  0.333020  0.324318  0.335412  0.341374  0.342204  0.349241  0.352445  0.356940   0.354037   0.361819   0.360523   0.361783    0.357571    0.346513    0.347163    0.343037    0.348636 3.388591e-01    0.317883    0.298243
          Sri Lanka        Gini_coefficient  0.324476  0.324474  0.326536  0.331840  0.339066  0.346891  0.353995  0.361270  0.369888  0.378953  0.387566  0.394830  0.399847  0.401719  0.401377  0.400389  0.398808  0.396690  0.386266  0.369387  0.360542  0.366820  0.379008   0.387136   0.389685   0.391684   0.392990    0.393458    0.391027    0.384859    0.376638    0.368047 3.607716e-01    0.356496    0.356903
             Sweden        Gini_coefficient  0.236629  0.241617  0.246198  0.249087  0.250301  0.251167  0.252365  0.255175  0.259577  0.264297  0.268063  0.269601  0.265454  0.262169  0.252685  0.261402  0.268211  0.263513  0.271142  0.281192  0.273399  0.277362  0.276053   0.276439   0.288228   0.283887   0.292097    0.295612    0.287741    0.299716    0.293046    0.288706 2.976538e-01    0.315282    0.327768
        Switzerland        Gini_coefficient  0.342494  0.340873  0.339550  0.338549  0.337863  0.337406  0.337087  0.336812  0.336489  0.336026  0.335331  0.334311  0.325571  0.316867  0.315971  0.315645  0.326184  0.339188  0.342555  0.337947  0.328559  0.325530  0.317136   0.315671   0.324622   0.325257   0.323070    0.330425    0.326763    0.331410    0.339983    0.337379 3.191504e-01    0.269672    0.173320
           Thailand        Gini_coefficient  0.443220  0.452656  0.467919  0.478580  0.457893  0.434702  0.431640  0.429049  0.420787  0.414558  0.430916  0.428337  0.423098  0.419445  0.422424  0.425403  0.423461  0.418190  0.397615  0.402883  0.396013  0.394028  0.374590   0.392567   0.378471   0.370327   0.359873    0.368906    0.363828    0.364122    0.348557    0.349858 3.492387e-01    0.346017    0.338150
Trinidad And Tobago        Gini_coefficient  0.419973  0.413934  0.407894  0.401855  0.395815  0.389775  0.383736  0.377696  0.371656  0.365617  0.359577  0.353537  0.347498  0.341458  0.335418  0.329379  0.323339  0.317299  0.311260  0.305220  0.299181  0.293141  0.287101   0.281062   0.275022   0.268982   0.262943    0.256903    0.250863    0.244824    0.238784    0.232744 2.267048e-01    0.220665    0.214626
             Turkey        Gini_coefficient  0.411384  0.411857  0.412283  0.412648  0.412942  0.413152  0.413283  0.413363  0.413413  0.413454  0.413508  0.413597  0.413742  0.413964  0.421843  0.412875  0.426147  0.396474  0.384428  0.390205  0.389653  0.387851  0.400394   0.401689   0.401785   0.412366   0.428545    0.418737    0.435317    0.424415    0.438338    0.430450 4.436484e-01    0.472622    0.501440
     United Kingdom        Gini_coefficient  0.333542  0.357420  0.349628  0.349555  0.350760  0.359789  0.355166  0.352952  0.357352  0.366215  0.367838  0.388486  0.370862  0.351464  0.348561  0.348342  0.354850  0.358800  0.344131  0.354451  0.351374  0.337056  0.331911   0.330906   0.326996   0.331409   0.333120    0.331093    0.326082    0.336897    0.328241    0.326445 3.241458e-01    0.321405    0.318408
      United States        Gini_coefficient  0.382380  0.382625  0.380449  0.383728  0.403631  0.399854  0.398536  0.403083  0.405242  0.399518  0.399844  0.401389  0.405943  0.403521  0.407701  0.402505  0.409629  0.413959  0.407959  0.408092  0.406083  0.400075  0.409342   0.409341   0.406492   0.415080   0.412356    0.411190    0.411772    0.414052    0.415335    0.396821 3.969646e-01    0.413341    0.430000
          Venezuela        Gini_coefficient  0.437763  0.428523  0.422666  0.420618  0.432794  0.456316  0.471673  0.475951  0.478899  0.479997  0.476994  0.473646  0.471713  0.488797  0.479089  0.473190  0.493186  0.446993  0.360810  0.313228  0.382840  0.648235  1.188007   2.080747   3.405047   5.239498   7.662692   10.753221   14.589676   19.250649   24.814733   31.360517 3.896659e+01   47.711558   57.673997
            Algeria        Gini_coefficient  0.371179  0.368625  0.365904  0.363014  0.359952  0.356715  0.353301  0.349715  0.345968  0.342057  0.337983  0.333746  0.329343  0.324776  0.320043  0.315144  0.310078  0.304846  0.299445  0.293877  0.288140  0.282233  0.276157   0.269911   0.263494   0.256905   0.250145    0.243212    0.236107    0.228828    0.221375    0.213747 2.059448e-01    0.197967    0.189813
          Australia        Gini_coefficient  0.331519  0.331095  0.330033  0.328653  0.327273  0.326211  0.325786  0.326402  0.327954  0.329997  0.332085  0.333775  0.334620  0.334863  0.334969  0.330558  0.334265  0.342421  0.350578  0.354285  0.350727  0.346567  0.345709   0.345266   0.344827   0.343982   0.340121    0.336852    0.338430    0.343326    0.351787    0.364058 3.803875e-01    0.401020    0.426202
         Bangladesh        Gini_coefficient  0.285158  0.279016  0.275708  0.283766  0.301673  0.320028  0.329430  0.331059  0.332352  0.333294  0.333870  0.334065  0.333962  0.333674  0.333231  0.332667  0.332013  0.330458  0.327747  0.324742  0.322307  0.321303  0.321398   0.321664   0.322071   0.322591   0.323195    0.323853    0.324740    0.326011    0.327606    0.329464 3.315261e-01    0.333732    0.336021
            Belgium        Gini_coefficient  0.255920  0.253289  0.250659  0.249463  0.258445  0.275126  0.284108  0.276215  0.268321  0.284665  0.315016  0.331359  0.318415  0.294377  0.281433  0.305414  0.293369  0.280540  0.292377  0.283737  0.285512  0.283748  0.280604   0.274905   0.276688   0.281340   0.277293    0.275807    0.273876    0.272142    0.272195    0.259583 2.657763e-01    0.297195    0.373097
             Brazil        Gini_coefficient  0.632447  0.604500  0.559940  0.531017  0.600656  0.597980  0.595304  0.598373  0.597537  0.595654  0.589504  0.586491  0.584025  0.581054  0.575531  0.564716  0.563099  0.556421  0.549189  0.540374  0.536819  0.532213  0.529416   0.534353   0.526833   0.520296   0.519264    0.533671    0.533211    0.538883    0.535093    0.489020 5.293872e-01    0.520152    0.455507
             Canada        Gini_coefficient  0.310125  0.313654  0.319434  0.315643  0.316759  0.313038  0.315096  0.327681  0.331169  0.332172  0.330609  0.334183  0.335548  0.335603  0.338095  0.337765  0.336218  0.340905  0.338410  0.339306  0.339522  0.335926  0.326571   0.335390   0.337990   0.331576   0.337465    0.327018    0.333082    0.325093    0.317496    0.310303 3.035429e-01    0.297245    0.291440
              Chile        Gini_coefficient  0.571968  0.572354  0.560209  0.548065  0.556137  0.564210  0.556449  0.548688  0.551927  0.555167  0.543067  0.527584  0.522668  0.519411  0.514752  0.502560  0.486249  0.477068  0.475791  0.475086  0.474046  0.471088  0.468681   0.468465   0.468239   0.460904   0.453433    0.452892    0.452699    0.457197    0.465550    0.470048 4.577493e-01    0.430427    0.402441
              China        Gini_coefficient  0.313683  0.322266  0.328541  0.333844  0.338778  0.343038  0.346997  0.352277  0.361667  0.374460  0.387032  0.400544  0.413848  0.419857  0.417044  0.411821  0.409008  0.413273  0.422126  0.429650  0.434772  0.437450  0.424092   0.422372   0.397364   0.391777   0.385953    0.384805    0.390758    0.384976    0.381683    0.370908 3.574375e-01    0.341571    0.324207
         Costa Rica        Gini_coefficient  0.454672  0.452159  0.465553  0.456409  0.459281  0.467030  0.456601  0.464791  0.455790  0.456381  0.476314  0.474104  0.515062  0.518128  0.493005  0.484177  0.475103  0.492806  0.493129  0.486409  0.505548  0.480431  0.487593   0.484173   0.491518   0.486321   0.483740    0.487042    0.483452    0.479700    0.481899    0.492451 4.867805e-01    0.471513    0.467293
            Denmark        Gini_coefficient  0.257874  0.254637  0.250931  0.246910  0.240578  0.233140  0.229559  0.229969  0.231114  0.232864  0.235090  0.237663  0.243699  0.252077  0.256310  0.249118  0.251864  0.259131  0.261843  0.252463  0.267012  0.271986  0.273117   0.277907   0.285425   0.283529   0.281772    0.281874    0.287467    0.281657    0.277233    0.275039 2.832349e-01    0.295818    0.294783
 Dominican Republic        Gini_coefficient  0.504481  0.507510  0.509691  0.510529  0.504850  0.492358  0.479866  0.474188  0.489015  0.500885  0.510913  0.515136  0.499989  0.496715  0.521196  0.520499  0.499648  0.519611  0.488551  0.481074  0.488756  0.473258  0.477069   0.461335   0.476564   0.442794   0.451809    0.457226    0.421930    0.436861    0.419171    0.396283 3.852930e-01    0.369794    0.350553
        El Salvador        Gini_coefficient  0.487155  0.521831  0.537936  0.531772  0.518209  0.504646  0.498482  0.509581  0.529971  0.543785  0.520807  0.514638  0.513474  0.518517  0.504364  0.477991  0.484723  0.456894  0.452175  0.468856  0.458249  0.435133  0.423180   0.418288   0.433587   0.415595   0.405518    0.399785    0.380072    0.386106    0.387788    0.389298 3.901075e-01    0.387532    0.385127
            Finland        Gini_coefficient  0.225425  0.227157  0.228798  0.230156  0.231309  0.232655  0.234591  0.239515  0.248006  0.257733  0.266363  0.271566  0.273711  0.275226  0.276864  0.278977  0.276195  0.279987  0.282856  0.278381  0.274553  0.277140  0.276426   0.270964   0.271937   0.267768   0.271018    0.270784    0.273828    0.273296    0.277371    0.270910 2.770851e-01    0.296181    0.329058
             France        Gini_coefficient  0.322136  0.321191  0.320945  0.320805  0.320713  0.320613  0.320449  0.320166  0.319001  0.316578  0.324998  0.325531  0.325333  0.317782  0.314111  0.306473  0.298339  0.296911  0.324277  0.329964  0.326612  0.337204  0.332948   0.331149   0.325126   0.322622   0.327042    0.319235    0.316321    0.323807    0.311996    0.306615 3.150095e-01    0.334166    0.355043
              Ghana        Gini_coefficient  0.368527  0.377841  0.384346  0.387778  0.390406  0.392493  0.394304  0.396102  0.398150  0.400712  0.404338  0.409010  0.414144  0.419155  0.423459  0.426470  0.427604  0.427389  0.426834  0.426076  0.425250  0.424492  0.423937   0.423722   0.424737   0.427379   0.431043    0.435124    0.439019    0.442122    0.443828    0.443533 4.406332e-01    0.434523    0.424597
           Honduras        Gini_coefficient  0.553673  0.559286  0.518214  0.518052  0.534458  0.549925  0.554708  0.556984  0.527278  0.572938  0.552200  0.552559  0.553521  0.557102  0.580804  0.580946  0.594793  0.575266  0.558160  0.554900  0.512818  0.530857  0.525542   0.533654   0.499587   0.498754   0.492488    0.498103    0.494414    0.489363    0.481628    0.471774 4.614879e-01    0.452460    0.446380
            Hungary        Gini_coefficient  0.250478  0.278809  0.296239  0.287811  0.279383  0.332860  0.329875  0.322678  0.313909  0.306203  0.302198  0.301013  0.300030  0.299283  0.298809  0.298644  0.347211  0.282961  0.278819  0.275140  0.269593  0.294441  0.291579   0.308026   0.315041   0.309135   0.304073    0.303244    0.305827    0.296115    0.299505    0.297118 2.917205e-01    0.284477    0.278880
              India        Gini_coefficient  0.322243  0.320068  0.317893  0.316220  0.315551  0.315963  0.317113  0.318877  0.321131  0.323748  0.326604  0.329574  0.332532  0.335354  0.337915  0.340089  0.341903  0.343557  0.345183  0.346916  0.348890  0.351975  0.353991   0.352880   0.350437   0.347993   0.346883    0.347468    0.359005    0.345506    0.338128    0.337785 3.277978e-01    0.317171    0.332920
          Indonesia        Gini_coefficient  0.307995  0.310693  0.312670  0.314681  0.317550  0.325513  0.336558  0.342138  0.325624  0.308539  0.307885  0.303063  0.311659  0.301638  0.293232  0.304165  0.299036  0.315241  0.332317  0.326329  0.334327  0.345863  0.379259   0.371489   0.389269   0.387800   0.382075    0.368857    0.363679    0.363386    0.353599    0.353356 3.550476e-01    0.355120    0.360570
               Iran        Gini_coefficient  0.440940  0.436048  0.433629  0.431708  0.430441  0.429984  0.431698  0.435470  0.439242  0.440956  0.440659  0.439892  0.438843  0.437700  0.436651  0.435884  0.435586  0.447520  0.443869  0.434214  0.420500  0.380799  0.346620   0.344255   0.339695   0.348140   0.352640    0.359123    0.366937    0.374199    0.364823    0.358430 3.546873e-01    0.348034    0.339286
            Ireland        Gini_coefficient  0.359702  0.361924  0.363964  0.365838  0.367559  0.369142  0.370451  0.356221  0.347527  0.340535  0.334845  0.330052  0.325358  0.322903  0.328874  0.336095  0.337540  0.327276  0.319466  0.309057  0.326804  0.322950  0.328724   0.332201   0.334860   0.318746   0.318205    0.328072    0.313588    0.306029    0.308315    0.292282 3.011928e-01    0.342170    0.436579
             Israel        Gini_coefficient  0.359989  0.357622  0.355801  0.355073  0.357291  0.362764  0.369717  0.376377  0.380971  0.383315  0.384961  0.386739  0.389477  0.395594  0.407226  0.414563  0.422676  0.415553  0.410986  0.416427  0.426339  0.425595  0.414442   0.413022   0.398705   0.397575   0.397195    0.390130    0.382021    0.385772    0.382822    0.377736 3.789385e-01    0.387359    0.410214
              Italy        Gini_coefficient  0.321061  0.314031  0.310499  0.330379  0.350863  0.351526  0.352108  0.356311  0.363019  0.366523  0.360473  0.352448  0.348715  0.346957  0.349287  0.342930  0.338310  0.336948  0.328883  0.337677  0.338330  0.347168  0.350530   0.351515   0.349057   0.346524   0.353900    0.352396    0.359222    0.352173    0.345836    0.352409 3.484458e-01    0.331336    0.293251
            Jamaica        Gini_coefficient  0.422791  0.411137  0.391334  0.367989  0.356734  0.365909  0.385577  0.403949  0.416712  0.428464  0.440788  0.457611  0.475092  0.483157  0.471438  0.454575  0.444273  0.434019  0.423928  0.414113  0.404690  0.395773  0.387477   0.379915   0.373203   0.367454   0.362784    0.359306    0.357136    0.356387    0.363980    0.381732 4.021027e-01    0.417550    0.420532
             Jordan        Gini_coefficient  0.414866  0.424044  0.429312  0.430996  0.424050  0.407486  0.387716  0.371151  0.364205  0.364761  0.366085  0.367666  0.368991  0.369546  0.366007  0.357527  0.347310  0.338563  0.330412  0.325734  0.328315  0.336557  0.351214   0.373036   0.402777   0.441187   0.489019    0.547025    0.615957    0.696567    0.789607    0.895828 1.015983e+00    1.150823    1.301102
            Lesotho        Gini_coefficient  0.606352  0.615689  0.622460  0.626948  0.629435  0.630201  0.625886  0.614351  0.597714  0.578090  0.557597  0.538352  0.522470  0.512069  0.505203  0.498545  0.492132  0.486005  0.480203  0.474766  0.469734  0.465145  0.461040   0.457458   0.454438   0.452021   0.450245    0.449151    0.448777    0.449164    0.450351    0.452377 4.552822e-01    0.459106    0.463888
           Malaysia        Gini_coefficient  0.461685  0.464723  0.471062  0.476537  0.479743  0.482444  0.485227  0.489116  0.491496  0.490174  0.486658  0.481622  0.475744  0.469699  0.464162  0.457600  0.450713  0.447524  0.451160  0.454797  0.452495  0.446779  0.439436   0.425208   0.413488   0.411439   0.410664    0.410950    0.411482    0.411768    0.411056    0.409214 4.066843e-01    0.403910    0.401332
             Mexico        Gini_coefficient  0.501093  0.507440  0.515631  0.523107  0.530232  0.534223  0.526969  0.519715  0.525969  0.532833  0.533810  0.534177  0.520556  0.505830  0.504078  0.503431  0.509391  0.497123  0.502780  0.508437  0.492508  0.476580  0.486276   0.495973   0.493824   0.489124   0.479468    0.469124    0.464123    0.459549    0.452892    0.445943 4.399787e-01    0.434540    0.429701
            Morocco        Gini_coefficient  0.390679  0.392069  0.392367  0.392549  0.392658  0.392733  0.392818  0.392952  0.393179  0.393539  0.399985  0.406369  0.406649  0.406861  0.407013  0.407113  0.407167  0.407183  0.406859  0.405943  0.404521  0.402679  0.400502   0.398076   0.395485   0.392816   0.390154    0.387585    0.385194    0.383066    0.381287    0.379943 3.791192e-01    0.378901    0.379373
        Netherlands        Gini_coefficient  0.299674  0.310867  0.309773  0.307224  0.304314  0.300668  0.295753  0.290430  0.285562  0.282010  0.280634  0.282440  0.286747  0.291887  0.296194  0.298000  0.290482  0.300433  0.295928  0.292980  0.278820  0.278452  0.277501   0.276209   0.281065   0.286314   0.282416    0.281736    0.285358    0.281210    0.292483    0.259942 2.574387e-01    0.260657    0.271744
            Nigeria        Gini_coefficient  0.415028  0.425554  0.436920  0.448855  0.466606  0.489891  0.510143  0.518798  0.513373  0.499107  0.479012  0.456101  0.433384  0.413876  0.400588  0.391537  0.382926  0.375040  0.368168  0.362596  0.358612  0.356502  0.355547   0.355130   0.356081   0.357847   0.358798    0.357819    0.355170    0.351277    0.346570    0.341475 3.364218e-01    0.331837    0.328150
             Norway        Gini_coefficient  0.249083  0.250681  0.252262  0.253922  0.255847  0.257963  0.260196  0.262833  0.265924  0.269035  0.271734  0.273588  0.274393  0.274936  0.276269  0.315780  0.305970  0.263538  0.270906  0.269963  0.261582  0.257237  0.253002   0.257260   0.263611   0.267526   0.274967    0.284933    0.269867    0.275602    0.277418    0.273855 2.596700e-01    0.229622    0.178469
           Pakistan        Gini_coefficient  0.332836  0.332480  0.328807  0.320242  0.309264  0.298353  0.289989  0.286650  0.308941  0.331233  0.319643  0.298120  0.286530  0.291269  0.300970  0.308861  0.312613  0.305767  0.296695  0.292412  0.289123  0.287809  0.296980   0.296133   0.295286   0.304099   0.312913    0.311692    0.306690    0.295893    0.277288    0.248864 2.086077e-01    0.154507    0.084548
             Panama        Gini_coefficient  0.586228  0.583629  0.580292  0.578896  0.577742  0.576957  0.576667  0.579049  0.581431  0.573636  0.563534  0.565921  0.567076  0.560917  0.556502  0.547725  0.538003  0.546364  0.526853  0.526930  0.517704  0.516088  0.513470   0.517390   0.514560   0.504656   0.508057    0.504069    0.498851    0.492115    0.498375    0.504902 5.085843e-01    0.503027    0.488758
        Philippines        Gini_coefficient  0.415441  0.430257  0.438236  0.435811  0.431308  0.428884  0.436853  0.451653  0.459622  0.452791  0.438931  0.427995  0.421875  0.416961  0.414947  0.418483  0.425052  0.428588  0.425740  0.420451  0.417603  0.418806  0.421040   0.422243   0.418985   0.411564   0.403515    0.394399    0.384431    0.378117    0.375383    0.373430 3.726847e-01    0.373572    0.376517
             Poland        Gini_coefficient  0.267942  0.275084  0.283028  0.292986  0.311895  0.335101  0.346431  0.342753  0.334661  0.326570  0.322892  0.328853  0.343070  0.360039  0.374256  0.380218  0.358084  0.346675  0.340013  0.334856  0.333557  0.332148  0.331806   0.330202   0.331373   0.328244   0.317509    0.311892    0.296853    0.302149    0.287602    0.284626 2.847950e-01    0.285978    0.289190
            Romania        Gini_coefficient  0.233073  0.237975  0.245483  0.254617  0.265838  0.282006  0.311580  0.308312  0.305044  0.308177  0.316574  0.328731  0.343144  0.358308  0.372721  0.384878  0.393275  0.396408  0.375477  0.364287  0.355643  0.354711  0.358666   0.365454   0.369151   0.360090   0.359136    0.344067    0.360126    0.357584    0.348005    0.345702 3.385264e-01    0.328983    0.324585
              Spain        Gini_coefficient  0.322704  0.320232  0.329657  0.347160  0.356585  0.351037  0.357266  0.364646  0.353244  0.345801  0.337919  0.341289  0.335254  0.324045  0.318009  0.333020  0.324318  0.335412  0.341374  0.342204  0.349241  0.352445  0.356940   0.354037   0.361819   0.360523   0.361783    0.357571    0.346513    0.347163    0.343037    0.348636 3.388591e-01    0.317883    0.298243
          Sri Lanka        Gini_coefficient  0.324476  0.324474  0.326536  0.331840  0.339066  0.346891  0.353995  0.361270  0.369888  0.378953  0.387566  0.394830  0.399847  0.401719  0.401377  0.400389  0.398808  0.396690  0.386266  0.369387  0.360542  0.366820  0.379008   0.387136   0.389685   0.391684   0.392990    0.393458    0.391027    0.384859    0.376638    0.368047 3.607716e-01    0.356496    0.356903
             Sweden        Gini_coefficient  0.236629  0.241617  0.246198  0.249087  0.250301  0.251167  0.252365  0.255175  0.259577  0.264297  0.268063  0.269601  0.265454  0.262169  0.252685  0.261402  0.268211  0.263513  0.271142  0.281192  0.273399  0.277362  0.276053   0.276439   0.288228   0.283887   0.292097    0.295612    0.287741    0.299716    0.293046    0.288706 2.976538e-01    0.315282    0.327768
        Switzerland        Gini_coefficient  0.342494  0.340873  0.339550  0.338549  0.337863  0.337406  0.337087  0.336812  0.336489  0.336026  0.335331  0.334311  0.325571  0.316867  0.315971  0.315645  0.326184  0.339188  0.342555  0.337947  0.328559  0.325530  0.317136   0.315671   0.324622   0.325257   0.323070    0.330425    0.326763    0.331410    0.339983    0.337379 3.191504e-01    0.269672    0.173320
           Thailand        Gini_coefficient  0.443220  0.452656  0.467919  0.478580  0.457893  0.434702  0.431640  0.429049  0.420787  0.414558  0.430916  0.428337  0.423098  0.419445  0.422424  0.425403  0.423461  0.418190  0.397615  0.402883  0.396013  0.394028  0.374590   0.392567   0.378471   0.370327   0.359873    0.368906    0.363828    0.364122    0.348557    0.349858 3.492387e-01    0.346017    0.338150
Trinidad And Tobago        Gini_coefficient  0.419973  0.413934  0.407894  0.401855  0.395815  0.389775  0.383736  0.377696  0.371656  0.365617  0.359577  0.353537  0.347498  0.341458  0.335418  0.329379  0.323339  0.317299  0.311260  0.305220  0.299181  0.293141  0.287101   0.281062   0.275022   0.268982   0.262943    0.256903    0.250863    0.244824    0.238784    0.232744 2.267048e-01    0.220665    0.214626
             Turkey        Gini_coefficient  0.411384  0.411857  0.412283  0.412648  0.412942  0.413152  0.413283  0.413363  0.413413  0.413454  0.413508  0.413597  0.413742  0.413964  0.421843  0.412875  0.426147  0.396474  0.384428  0.390205  0.389653  0.387851  0.400394   0.401689   0.401785   0.412366   0.428545    0.418737    0.435317    0.424415    0.438338    0.430450 4.436484e-01    0.472622    0.501440
     United Kingdom        Gini_coefficient  0.333542  0.357420  0.349628  0.349555  0.350760  0.359789  0.355166  0.352952  0.357352  0.366215  0.367838  0.388486  0.370862  0.351464  0.348561  0.348342  0.354850  0.358800  0.344131  0.354451  0.351374  0.337056  0.331911   0.330906   0.326996   0.331409   0.333120    0.331093    0.326082    0.336897    0.328241    0.326445 3.241458e-01    0.321405    0.318408
      United States        Gini_coefficient  0.382380  0.382625  0.380449  0.383728  0.403631  0.399854  0.398536  0.403083  0.405242  0.399518  0.399844  0.401389  0.405943  0.403521  0.407701  0.402505  0.409629  0.413959  0.407959  0.408092  0.406083  0.400075  0.409342   0.409341   0.406492   0.415080   0.412356    0.411190    0.411772    0.414052    0.415335    0.396821 3.969646e-01    0.413341    0.430000
          Venezuela        Gini_coefficient  0.437763  0.428523  0.422666  0.420618  0.432794  0.456316  0.471673  0.475951  0.478899  0.479997  0.476994  0.473646  0.471713  0.488797  0.479089  0.473190  0.493186  0.446993  0.360810  0.313228  0.382840  0.648235  1.188007   2.080747   3.405047   5.239498   7.662692   10.753221   14.589676   19.250649   24.814733   31.360517 3.896659e+01   47.711558   57.673997