Interpolated regressors and dependent varaibles:

           Country                variable      1989      1990      1991      1992      1993      1994      1995      1996      1997      1998      1999      2000      2001      2002      2003      2004      2005      2006      2007      2008      2009      2010      2011      2012      2013      2014      2015      2016      2017      2018      2019      2020      2021      2022
            Brazil        Gini_coefficient  0.632447  0.604500  0.559940  0.531017  0.600656  0.597980  0.595304  0.598373  0.597537  0.595654  0.589504  0.586491  0.584025  0.581054  0.575531  0.564716  0.563099  0.556421  0.549189  0.540374  0.536819  0.532213  0.529416  0.534353  0.526833  0.520296  0.519264  0.533671  0.533211  0.538883  0.535093  0.489020  0.529387  0.520152
            Brazil  Government_expenditure 18.338570 21.754740 25.376443 28.966006 32.285752 35.098009 37.165101 38.249355 38.600930 40.900433 39.588627 34.481926 39.802300 44.494778 41.288174 39.680680 41.870308 42.562800 40.351753 39.915580 40.536594 39.515877 39.367252 39.309807 39.780840 41.426430 46.191296 45.503296 44.297333 44.180660 43.042877 46.178420 40.370987 43.445330
            Brazil Human_Development_Index  0.636143  0.641000  0.645000  0.648000  0.654000  0.659000  0.666000  0.671000  0.676000  0.680000  0.684000  0.690000  0.694000  0.700000  0.705000  0.712000  0.718000  0.725000  0.732000  0.739000  0.742000  0.748000  0.753000  0.758000  0.762000  0.765000  0.764000  0.765000  0.770000  0.774000  0.776000  0.770000  0.768000  0.780000
            Brazil    Political_corruption  0.673000  0.608000  0.608000  0.608000  0.567000  0.511000  0.512000  0.510000  0.506000  0.506000  0.506000  0.506000  0.506000  0.548000  0.548000  0.548000  0.496000  0.495000  0.495000  0.495000  0.495000  0.495000  0.494000  0.494000  0.494000  0.507000  0.507000  0.535000  0.535000  0.535000  0.547000  0.536000  0.539000  0.543000
            Brazil             Poverty_gap 20.403696 23.992811 23.786220 23.291227 22.100883 17.992863 14.736035 16.004680 15.976236 14.337863 14.968738 14.287122 13.042174 11.738640 12.605869 11.055812  9.962901  8.264235  7.870375  6.507662  6.120392  5.763466  5.322490  4.493511  3.728552  3.325948  3.877473  4.733754  5.302752  5.306075  5.409223  1.951068  5.834562  3.505301
            Canada        Gini_coefficient  0.310125  0.313654  0.319434  0.315643  0.316759  0.313038  0.315096  0.327681  0.331169  0.332172  0.330609  0.334183  0.335548  0.335603  0.338095  0.337765  0.336218  0.340905  0.338410  0.339306  0.339522  0.335926  0.326571  0.335390  0.337990  0.331576  0.337465  0.327018  0.333082  0.325093  0.317496  0.310303  0.303543  0.297245
            Canada  Government_expenditure 45.838700 48.804600 52.263800 53.340900 52.225400 49.737300 48.479000 46.585700 44.276600 44.799100 42.684200 41.108100 41.102170 40.393852 40.275690 39.134678 38.520600 38.660793 38.519047 38.775383 43.420750 43.063946 41.575240 40.926205 39.960743 38.370483 40.018417 40.753235 40.455406 40.662350 40.589645 52.362343 45.438065 41.034390
            Canada Human_Development_Index  0.864500  0.865000  0.868000  0.873000  0.871000  0.877000  0.881000  0.884000  0.884000  0.883000  0.888000  0.894000  0.897000  0.899000  0.902000  0.906000  0.909000  0.913000  0.914000  0.916000  0.915000  0.918000  0.921000  0.927000  0.930000  0.932000  0.932000  0.933000  0.935000  0.935000  0.937000  0.931000  0.937000  0.935000
            Canada    Political_corruption  0.033000  0.033000  0.033000  0.033000  0.033000  0.035000  0.035000  0.035000  0.035000  0.035000  0.035000  0.035000  0.035000  0.035000  0.035000  0.035000  0.035000  0.035000  0.031000  0.032000  0.032000  0.029000  0.029000  0.029000  0.021000  0.021000  0.021000  0.021000  0.021000  0.021000  0.023000  0.029000  0.029000  0.029000
            Canada             Poverty_gap  1.249350  1.248458  1.247662  0.746888  1.247629  0.989580  0.746809  0.249518  0.247711  0.499656  0.490963  0.247821  0.249382  0.242306  0.237109  0.243559  0.244990  0.249148  0.248252  0.245462  0.244310  0.248831  0.226145  0.246521  0.496485  0.242158  0.245904  0.248714  0.247011  0.249971  0.248638  0.241383  0.223327  0.189589
        Costa Rica        Gini_coefficient  0.454672  0.452159  0.465553  0.456409  0.459281  0.467030  0.456601  0.464791  0.455790  0.456381  0.476314  0.474104  0.515062  0.518128  0.493005  0.484177  0.475103  0.492806  0.493129  0.486409  0.505548  0.480431  0.487593  0.484173  0.491518  0.486321  0.483740  0.487042  0.483452  0.479700  0.481899  0.492451  0.486781  0.471513
        Costa Rica  Government_expenditure 26.085100 25.609600 19.511500 18.765000 20.484500 16.686300 16.065900 16.175000 14.922700 14.720700 14.323700 16.870070 17.280035 18.550665 17.567165 17.006226 15.888618 15.150322 14.595431 15.179906 16.658997 18.042295 17.179840 17.343180 18.519442 18.400082 18.759066 18.755840 19.156754 18.895180 21.686443 22.292011 20.773070 19.188116
        Costa Rica Human_Development_Index  0.677143  0.677000  0.682000  0.691000  0.696000  0.701000  0.706000  0.707000  0.712000  0.714000  0.717000  0.720000  0.726000  0.730000  0.736000  0.741000  0.748000  0.755000  0.760000  0.769000  0.773000  0.776000  0.783000  0.789000  0.795000  0.802000  0.803000  0.805000  0.809000  0.813000  0.821000  0.819000  0.817000  0.823000
        Costa Rica    Political_corruption  0.284000  0.262000  0.262000  0.262000  0.262000  0.262000  0.199000  0.199000  0.199000  0.199000  0.176000  0.176000  0.176000  0.176000  0.173000  0.173000  0.173000  0.187000  0.187000  0.187000  0.187000  0.187000  0.184000  0.187000  0.187000  0.179000  0.182000  0.187000  0.201000  0.196000  0.190000  0.190000  0.190000  0.190000
        Costa Rica             Poverty_gap 10.552571 10.379871 12.413738  9.941776  8.527353  7.041064  7.149303  8.220924  6.724826  5.224196  6.818424  6.926794  5.094759  4.675287  4.724285  4.663471  3.333950  3.337846  1.820663  2.420610  2.477399  1.489236  1.750300  1.673368  1.642579  1.505303  1.573227  1.336738  1.172351  1.505753  1.057139  2.291326  1.242194  0.886874
Dominican Republic        Gini_coefficient  0.504481  0.507510  0.509691  0.510529  0.504850  0.492358  0.479866  0.474188  0.489015  0.500885  0.510913  0.515136  0.499989  0.496715  0.521196  0.520499  0.499648  0.519611  0.488551  0.481074  0.488756  0.473258  0.477069  0.461335  0.476564  0.442794  0.451809  0.457226  0.421930  0.436861  0.419171  0.396283  0.385293  0.369794
Dominican Republic  Government_expenditure 11.342900  9.097190  8.650530 10.440500 13.022400 12.136800 10.980200 11.372600 11.912600 11.808600 13.139100 14.092677 14.891559 16.475056 17.223986 17.332647 15.500649 16.950064 16.320732 18.479765 16.143976 16.049486 15.965217 19.784943 18.477250 16.999842 16.681154 16.974438 17.064120 16.351643 17.861317 22.092815 18.537851 18.512686
Dominican Republic Human_Development_Index  0.590667  0.589000  0.594000  0.604000  0.611000  0.617000  0.624000  0.631000  0.639000  0.645000  0.652000  0.658000  0.663000  0.668000  0.670000  0.673000  0.683000  0.691000  0.698000  0.704000  0.707000  0.715000  0.721000  0.727000  0.731000  0.737000  0.747000  0.766000  0.770000  0.773000  0.771000  0.767000  0.762000  0.778000
Dominican Republic    Political_corruption  0.818000  0.818000  0.818000  0.818000  0.818000  0.818000  0.818000  0.818000  0.783000  0.783000  0.783000  0.783000  0.783000  0.783000  0.783000  0.783000  0.783000  0.783000  0.783000  0.783000  0.783000  0.783000  0.783000  0.783000  0.768000  0.768000  0.756000  0.756000  0.770000  0.790000  0.808000  0.616000  0.609000  0.610000
Dominican Republic             Poverty_gap 17.415000 14.998022 10.403267  7.615000  7.119716  6.754107  6.527730  6.450147  6.870507  6.856564  6.807938  6.714430  5.137963  7.614324  8.697802 11.607311  7.409543  6.255223  6.067928  5.448600  4.679977  3.869214  4.055294  3.848862  2.971823  3.355926  2.534987  2.030172  1.001545  0.835534  0.832687  0.959418  0.853729  0.757176
       El Salvador        Gini_coefficient  0.487155  0.521831  0.537936  0.531772  0.518209  0.504646  0.498482  0.509581  0.529971  0.543785  0.520807  0.514638  0.513474  0.518517  0.504364  0.477991  0.484723  0.456894  0.452175  0.468856  0.458249  0.435133  0.423180  0.418288  0.433587  0.415595  0.405518  0.399785  0.380072  0.386106  0.387788  0.389298  0.390107  0.387532
       El Salvador  Government_expenditure 12.820133 15.877398 18.534595 20.752056 18.508583 18.908949 18.563879 21.034975 18.624771 19.287498 19.650414 20.962790 21.675339 22.509277 22.626417 21.497591 22.428421 23.412296 22.827000 24.548264 25.958014 25.590626 25.275236 27.382710 28.494526 27.608332 27.107582 27.461637 27.763470 27.262869 27.207933 32.699630 31.678864 28.841267
       El Salvador Human_Development_Index  0.520600  0.523000  0.529000  0.538000  0.548000  0.558000  0.567000  0.576000  0.586000  0.594000  0.598000  0.607000  0.612000  0.621000  0.628000  0.636000  0.642000  0.647000  0.653000  0.653000  0.653000  0.660000  0.662000  0.666000  0.668000  0.668000  0.667000  0.666000  0.665000  0.670000  0.670000  0.660000  0.663000  0.674000
       El Salvador    Political_corruption  0.815000  0.815000  0.815000  0.771000  0.737000  0.720000  0.720000  0.720000  0.720000  0.720000  0.720000  0.720000  0.720000  0.720000  0.720000  0.753000  0.745000  0.745000  0.745000  0.739000  0.717000  0.692000  0.692000  0.692000  0.624000  0.608000  0.603000  0.609000  0.628000  0.685000  0.598000  0.668000  0.711000  0.747000
       El Salvador             Poverty_gap 19.428000 21.366401 22.060562 20.685365 17.659931 14.634497 13.259300 15.262267 18.726092 21.031042 17.251175 12.942934 14.104641 14.728867 15.813787 11.488363 11.278455  7.650643  5.068491  7.717508  7.419960  6.345635  5.340929  4.637147  3.624729  3.441484  2.308848  2.632982  2.155499  1.842766  1.401915  2.494051  3.586186  3.363398
            France        Gini_coefficient  0.322136  0.321191  0.320945  0.320805  0.320713  0.320613  0.320449  0.320166  0.319001  0.316578  0.324998  0.325531  0.325333  0.317782  0.314111  0.306473  0.298339  0.296911  0.324277  0.329964  0.326612  0.337204  0.332948  0.331149  0.325126  0.322622  0.327042  0.319235  0.316321  0.323807  0.311996  0.306615  0.315010  0.334166
            France  Government_expenditure 48.927000 49.583500 50.691800 52.000600 55.070000 54.066200 54.390600 54.500300 54.183100 52.759400 52.599700 51.688900 51.662800 52.873800 53.400900 53.260500 53.569400 52.975800 52.608800 53.280900 56.737700 56.627100 57.008710 57.889553 58.589330 58.391640 57.595116 57.379204 57.665092 56.369232 55.344795 61.696710 59.463290 58.397213
            France Human_Development_Index  0.787250  0.798000  0.807000  0.814000  0.818000  0.832000  0.837000  0.842000  0.847000  0.851000  0.856000  0.852000  0.855000  0.858000  0.862000  0.869000  0.877000  0.881000  0.884000  0.884000  0.883000  0.888000  0.892000  0.893000  0.896000  0.900000  0.901000  0.905000  0.908000  0.911000  0.914000  0.909000  0.915000  0.916000
            France    Political_corruption  0.061000  0.061000  0.061000  0.061000  0.061000  0.061000  0.061000  0.061000  0.061000  0.061000  0.061000  0.061000  0.061000  0.061000  0.061000  0.061000  0.061000  0.061000  0.061000  0.061000  0.061000  0.061000  0.061000  0.061000  0.055000  0.055000  0.055000  0.055000  0.055000  0.062000  0.065000  0.058000  0.058000  0.050000
            France             Poverty_gap  0.266187  0.247546  0.247627  0.247829  0.248092  0.248356  0.248558  0.248639  0.246097  0.000000  0.000000  0.000000  0.000000  0.000000  0.157358  0.049726  0.043055  0.027629  0.014868  0.009692  0.044349  0.087395  0.025783  0.060952  0.060390  0.018679  0.133555  0.058126  0.015888  0.021168  0.051449  0.114896  0.056357  0.000000
          Honduras        Gini_coefficient  0.553673  0.559286  0.518214  0.518052  0.534458  0.549925  0.554708  0.556984  0.527278  0.572938  0.552200  0.552559  0.553521  0.557102  0.580804  0.580946  0.594793  0.575266  0.558160  0.554900  0.512818  0.530857  0.525542  0.533654  0.499587  0.498754  0.492488  0.498103  0.494414  0.489363  0.481628  0.471774  0.461488  0.452460
          Honduras  Government_expenditure 10.153900 16.608200 14.006500 13.848700 14.116500 17.515700 17.387300 17.162000 17.398500 19.419210 23.320528 22.098845 25.065784 26.808756 26.441300 25.543972 23.609587 24.393703 24.448740 26.409035 28.351643 26.463223 25.911856 26.356068 29.575607 27.637907 26.021890 27.382563 26.857903 26.156130 25.939116 28.411896 28.771416 24.041553
          Honduras Human_Development_Index  0.514143  0.516000  0.519000  0.523000  0.529000  0.532000  0.537000  0.541000  0.547000  0.529000  0.552000  0.558000  0.561000  0.564000  0.568000  0.573000  0.578000  0.582000  0.587000  0.592000  0.594000  0.596000  0.598000  0.597000  0.601000  0.604000  0.610000  0.616000  0.618000  0.619000  0.632000  0.625000  0.628000  0.643000
          Honduras    Political_corruption  0.848000  0.848000  0.853000  0.853000  0.853000  0.844000  0.844000  0.844000  0.844000  0.844000  0.844000  0.839000  0.839000  0.844000  0.844000  0.844000  0.844000  0.844000  0.845000  0.845000  0.845000  0.847000  0.854000  0.854000  0.853000  0.853000  0.853000  0.853000  0.838000  0.845000  0.841000  0.828000  0.814000  0.768000
          Honduras             Poverty_gap 39.960000 41.997000 30.774721 26.968342 21.429638 24.304441 26.229053 28.550964 19.590014 24.543867 24.925201 22.381159 19.837118 21.995176 26.499472 25.433020 25.067038 21.142117 15.642992 15.244036 12.322080 13.802202 14.323090 16.992704 14.568504 13.282177 12.977554 14.606982 13.855521 14.233573 12.742991 10.496305 10.831105 17.084981
         Indonesia        Gini_coefficient  0.307995  0.310693  0.312670  0.314681  0.317550  0.325513  0.336558  0.342138  0.325624  0.308539  0.307885  0.303063  0.311659  0.301638  0.293232  0.304165  0.299036  0.315241  0.332317  0.326329  0.334327  0.345863  0.379259  0.371489  0.389269  0.387800  0.382075  0.368857  0.363679  0.363386  0.353599  0.353356  0.355048  0.355120
         Indonesia  Government_expenditure 16.471700 15.840800 15.037700 16.824200 14.093425 13.523808 11.907042 11.507988 15.249510 15.078773 15.140176 15.302871 19.508749 16.928898 18.176003 17.833225 17.397795 18.416573 18.734886 19.394001 17.026653 16.886547 17.713701 18.835804 19.081188 18.364756 17.602161 16.920494 16.443623 16.611101 16.358791 18.426700 18.123703 17.361322
         Indonesia Human_Development_Index  0.524000  0.531000  0.538000  0.545000  0.555000  0.565000  0.575000  0.585000  0.595000  0.591000  0.595000  0.600000  0.608000  0.617000  0.625000  0.624000  0.638000  0.646000  0.649000  0.653000  0.663000  0.670000  0.678000  0.686000  0.690000  0.693000  0.701000  0.705000  0.712000  0.715000  0.714000  0.710000  0.707000  0.726000
         Indonesia    Political_corruption  0.943000  0.943000  0.943000  0.943000  0.943000  0.943000  0.943000  0.943000  0.943000  0.848000  0.761000  0.762000  0.762000  0.762000  0.762000  0.757000  0.750000  0.748000  0.747000  0.751000  0.750000  0.749000  0.750000  0.751000  0.755000  0.757000  0.692000  0.698000  0.705000  0.733000  0.742000  0.765000  0.755000  0.738000
         Indonesia             Poverty_gap 65.256884 61.774166 61.538711 61.422176 61.187595 57.951896 52.333075 49.345770 58.829920 68.314070 43.987480 43.836050 40.336567 23.452720 22.823112 24.243776 20.130228 26.157452 21.551208 19.194849 18.845253 16.455803 14.102624 10.577222 10.808527  9.682687  8.451447  6.668349  4.302148  4.410075  3.355410  2.825925  2.857714  2.178291
             Italy        Gini_coefficient  0.321061  0.314031  0.310499  0.330379  0.350863  0.351526  0.352108  0.356311  0.363019  0.366523  0.360473  0.352448  0.348715  0.346957  0.349287  0.342930  0.338310  0.336948  0.328883  0.337677  0.338330  0.347168  0.350530  0.351515  0.349057  0.346524  0.353900  0.352396  0.359222  0.352173  0.345836  0.352409  0.348446  0.331336
             Italy  Government_expenditure 51.593400 52.860600 53.943400 55.294700 56.268200 53.481900 52.489900 52.454400 50.225100 49.204400 48.144000 45.863400 47.710400 47.117000 48.077200 47.527000 47.915700 48.450100 47.630300 48.602100 51.614500 50.275500 49.039135 50.492405 50.919285 50.738964 50.272625 49.011820 48.816963 48.366695 48.455463 56.783783 56.029230 54.908203
             Italy Human_Development_Index  0.785692  0.787000  0.792000  0.800000  0.806000  0.816000  0.823000  0.829000  0.836000  0.840000  0.845000  0.849000  0.856000  0.862000  0.866000  0.874000  0.876000  0.881000  0.885000  0.885000  0.884000  0.887000  0.890000  0.887000  0.887000  0.890000  0.889000  0.894000  0.897000  0.902000  0.906000  0.899000  0.908000  0.905000
             Italy    Political_corruption  0.347000  0.347000  0.347000  0.338000  0.265000  0.283000  0.283000  0.248000  0.248000  0.248000  0.248000  0.254000  0.272000  0.272000  0.272000  0.272000  0.272000  0.236000  0.236000  0.277000  0.277000  0.241000  0.214000  0.214000  0.199000  0.202000  0.202000  0.209000  0.201000  0.201000  0.201000  0.181000  0.155000  0.155000
             Italy             Poverty_gap  0.000000  0.067740  0.228989  0.785926  1.249354  0.996651  0.743948  1.002817  1.483573  1.742441  1.495979  1.249517  1.373899  1.498281  0.769403  0.604521  0.647290  0.653436  0.680243  0.704179  0.911579  1.265289  1.156048  1.200608  1.373167  1.232120  1.948867  1.629945  1.421634  1.457647  0.994346  0.827792  0.814530  0.831704
            Panama        Gini_coefficient  0.586228  0.583629  0.580292  0.578896  0.577742  0.576957  0.576667  0.579049  0.581431  0.573636  0.563534  0.565921  0.567076  0.560917  0.556502  0.547725  0.538003  0.546364  0.526853  0.526930  0.517704  0.516088  0.513470  0.517390  0.514560  0.504656  0.508057  0.504069  0.498851  0.492115  0.498375  0.504902  0.508584  0.503027
            Panama  Government_expenditure 43.022400 41.460500 20.913200 27.766000 33.846100 25.188274 26.249575 21.751158 22.316378 23.473910 22.989569 22.746758 23.396454 23.442396 24.446630 24.241013 23.790754 22.354177 21.796223 23.619848 22.466583 25.902536 24.622143 23.924124 23.721775 23.161615 21.592028 21.537067 21.419990 21.974281 20.890219 27.591360 23.935297 21.570059
            Panama Human_Development_Index  0.676000  0.672000  0.674000  0.680000  0.686000  0.688000  0.690000  0.694000  0.701000  0.707000  0.712000  0.718000  0.723000  0.730000  0.735000  0.741000  0.746000  0.753000  0.763000  0.767000  0.770000  0.775000  0.781000  0.798000  0.799000  0.798000  0.803000  0.810000  0.815000  0.820000  0.824000  0.808000  0.819000  0.835000
            Panama    Political_corruption  0.764000  0.703000  0.577000  0.577000  0.577000  0.577000  0.577000  0.577000  0.577000  0.577000  0.577000  0.577000  0.577000  0.577000  0.577000  0.577000  0.577000  0.577000  0.577000  0.577000  0.577000  0.577000  0.577000  0.577000  0.572000  0.572000  0.572000  0.572000  0.545000  0.502000  0.499000  0.508000  0.473000  0.473000
            Panama             Poverty_gap 22.412273 21.557529 20.110653 18.802658 17.397289 16.119686 15.194985 14.532321 14.206259 14.458805 12.275087 11.071512 14.045302  9.564354  9.879252  8.747402  8.564978  9.389637  6.665941  4.073149  2.528209  3.392067  2.452237  3.465146  2.244559  2.893775  1.513955  1.516927  2.097129  1.405645  1.004100  1.039686  1.108257  1.187490
             Spain        Gini_coefficient  0.322704  0.320232  0.329657  0.347160  0.356585  0.351037  0.357266  0.364646  0.353244  0.345801  0.337919  0.341289  0.335254  0.324045  0.318009  0.333020  0.324318  0.335412  0.341374  0.342204  0.349241  0.352445  0.356940  0.354037  0.361819  0.360523  0.361783  0.357571  0.346513  0.347163  0.343037  0.348636  0.338859  0.317883
             Spain  Government_expenditure 32.092500 32.751200 30.207700 33.794600 41.239100 32.594900 44.463300 43.232600 41.652100 41.087500 39.929800 39.194700 38.659200 38.908200 38.410100 38.887800 38.436400 38.350100 39.211800 41.457000 46.263100 45.622200 45.941853 49.238390 46.162342 45.056396 43.682804 42.139084 41.047447 41.522230 42.007480 51.431440 49.492744 46.434010
             Spain Human_Development_Index  0.757067  0.766000  0.774000  0.781000  0.789000  0.798000  0.804000  0.811000  0.816000  0.821000  0.825000  0.833000  0.839000  0.844000  0.846000  0.852000  0.857000  0.862000  0.864000  0.865000  0.867000  0.875000  0.879000  0.881000  0.886000  0.890000  0.895000  0.900000  0.902000  0.905000  0.910000  0.901000  0.912000  0.911000
             Spain    Political_corruption  0.039000  0.039000  0.039000  0.039000  0.039000  0.039000  0.039000  0.039000  0.039000  0.039000  0.039000  0.039000  0.039000  0.039000  0.039000  0.039000  0.039000  0.039000  0.039000  0.039000  0.039000  0.039000  0.042000  0.046000  0.054000  0.054000  0.054000  0.063000  0.051000  0.037000  0.037000  0.034000  0.038000  0.051000
             Spain             Poverty_gap  0.410028  0.494426  0.727133  1.064920  1.237566  0.997527  1.482342  1.491116  0.985998  0.952705  0.720118  0.675388  0.706997  0.768243  0.808751  0.817652  0.737975  0.769632  0.363041  0.488919  0.805600  0.675725  1.127330  0.936594  1.136304  0.787157  0.903527  1.125280  0.678091  0.838615  0.793813  0.886366  0.564250  0.057029
            Sweden        Gini_coefficient  0.236629  0.241617  0.246198  0.249087  0.250301  0.251167  0.252365  0.255175  0.259577  0.264297  0.268063  0.269601  0.265454  0.262169  0.252685  0.261402  0.268211  0.263513  0.271142  0.281192  0.273399  0.277362  0.276053  0.276439  0.288228  0.283887  0.292097  0.295612  0.287741  0.299716  0.293046  0.288706  0.297654  0.315282
            Sweden  Government_expenditure 35.803577 37.958225 40.978836 45.870240 69.400000 67.100000 63.000000 61.000000 58.700000 56.400000 56.000000 53.100000 52.500000 53.600000 53.800000 52.500000 52.300000 51.100000 49.300000 50.000000 52.400000 50.400000 49.028930 50.161846 50.858635 50.055970 48.735664 48.911720 48.706880 49.176136 48.286410 51.235836 48.323055 47.522587
            Sweden Human_Development_Index  0.822273  0.818000  0.821000  0.829000  0.850000  0.862000  0.869000  0.877000  0.888000  0.901000  0.906000  0.912000  0.915000  0.918000  0.923000  0.908000  0.911000  0.915000  0.917000  0.913000  0.912000  0.918000  0.920000  0.920000  0.940000  0.943000  0.945000  0.947000  0.949000  0.950000  0.955000  0.951000  0.958000  0.959000
            Sweden    Political_corruption  0.004000  0.004000  0.004000  0.004000  0.004000  0.004000  0.004000  0.004000  0.004000  0.004000  0.004000  0.004000  0.004000  0.004000  0.004000  0.004000  0.004000  0.004000  0.004000  0.004000  0.004000  0.004000  0.004000  0.004000  0.004000  0.004000  0.008000  0.008000  0.008000  0.008000  0.009000  0.008000  0.008000  0.010000
            Sweden             Poverty_gap  0.244888  0.244210  0.243709  0.243513  0.244482  0.246281  0.247249  0.221535  0.160217  0.087032  0.025714  0.000000  0.248678  0.000000  0.323710  0.397172  1.084583  0.364383  0.410839  0.576403  0.458016  0.547409  0.615651  0.457002  0.650871  0.474334  0.569155  0.261453  0.248350  0.725507  0.316519  0.389090  0.629285  0.947267
          Thailand        Gini_coefficient  0.443220  0.452656  0.467919  0.478580  0.457893  0.434702  0.431640  0.429049  0.420787  0.414558  0.430916  0.428337  0.423098  0.419445  0.422424  0.425403  0.423461  0.418190  0.397615  0.402883  0.396013  0.394028  0.374590  0.392567  0.378471  0.370327  0.359873  0.368906  0.363828  0.364122  0.348557  0.349858  0.349239  0.346017
          Thailand  Government_expenditure 16.532000 16.558800 16.957500 17.839300 18.765100 15.951800 15.335300 17.761600 18.511400 18.219600 17.963600 19.346073 20.823765 25.712310 18.285738 19.331488 19.579763 18.738914 19.999056 19.226326 21.721836 22.008858 21.113401 22.251299 21.647144 22.198183 22.291235 21.371830 21.495317 21.296926 20.559965 24.883709 26.767126 24.516740
          Thailand Human_Development_Index  0.576053  0.584000  0.593000  0.603000  0.612000  0.620000  0.628000  0.634000  0.639000  0.642000  0.650000  0.657000  0.667000  0.678000  0.690000  0.699000  0.707000  0.710000  0.721000  0.723000  0.725000  0.742000  0.747000  0.750000  0.752000  0.784000  0.788000  0.792000  0.794000  0.796000  0.800000  0.798000  0.800000  0.792000
          Thailand    Political_corruption  0.773000  0.773000  0.773000  0.763000  0.763000  0.763000  0.763000  0.763000  0.713000  0.717000  0.717000  0.677000  0.677000  0.677000  0.677000  0.677000  0.677000  0.677000  0.666000  0.672000  0.680000  0.684000  0.684000  0.684000  0.682000  0.705000  0.701000  0.701000  0.701000  0.712000  0.720000  0.705000  0.705000  0.674000
          Thailand             Poverty_gap 15.184467 12.345011 10.636883  8.995007  6.539211  4.503987  3.664341  3.086195  2.492084  2.175271  3.950531  3.967492  2.977222  1.759295  1.402905  1.185712  1.064524  0.929875  0.541696  0.304469  0.247227  0.265238  0.071562  0.115321  0.060822  0.090258  0.046538  0.036147  0.037127  0.032134  0.095038  0.046665  0.013972  0.000000
    United Kingdom        Gini_coefficient  0.333542  0.357420  0.349628  0.349555  0.350760  0.359789  0.355166  0.352952  0.357352  0.366215  0.367838  0.388486  0.370862  0.351464  0.348561  0.348342  0.354850  0.358800  0.344131  0.354451  0.351374  0.337056  0.331911  0.330906  0.326996  0.331409  0.333120  0.331093  0.326082  0.336897  0.328241  0.326445  0.324146  0.321405
    United Kingdom  Government_expenditure 39.678200 41.108300 42.748200 45.004900 45.043700 44.415800 43.902300 42.277100 40.513700 39.468800 38.875500 36.762100 40.165400 41.102200 42.121200 42.958500 44.092200 44.178600 43.883500 47.831100 51.458800 50.562700 43.510850 43.557243 41.844860 41.187340 40.426860 39.634220 39.156930 38.872345 38.734360 49.956406 45.856567 44.062290
    United Kingdom Human_Development_Index  0.813333  0.812000  0.816000  0.824000  0.827000  0.836000  0.835000  0.841000  0.849000  0.856000  0.862000  0.870000  0.876000  0.881000  0.886000  0.897000  0.903000  0.902000  0.905000  0.910000  0.915000  0.921000  0.916000  0.917000  0.931000  0.932000  0.931000  0.934000  0.937000  0.936000  0.941000  0.930000  0.941000  0.946000
    United Kingdom    Political_corruption  0.031000  0.031000  0.031000  0.031000  0.031000  0.031000  0.031000  0.031000  0.031000  0.033000  0.033000  0.033000  0.040000  0.040000  0.040000  0.040000  0.040000  0.040000  0.040000  0.040000  0.040000  0.040000  0.040000  0.040000  0.040000  0.040000  0.040000  0.040000  0.038000  0.038000  0.041000  0.043000  0.053000  0.053000
    United Kingdom             Poverty_gap  0.231823  0.000000  0.000000  0.240086  0.241170  0.246627  0.247141  0.246367  0.247251  0.245557  0.248532  0.248885  0.247931  0.249406  0.249873  0.249766  0.246650  0.230140  0.243775  0.246874  0.248928  0.246352  0.247306  0.244677  0.244458  0.246300  0.249247  0.249173  0.249297  0.498482  0.498038  0.499334  0.245101  0.000000
     United States        Gini_coefficient  0.382380  0.382625  0.380449  0.383728  0.403631  0.399854  0.398536  0.403083  0.405242  0.399518  0.399844  0.401389  0.405943  0.403521  0.407701  0.402505  0.409629  0.413959  0.407959  0.408092  0.406083  0.400075  0.409342  0.409341  0.406492  0.415080  0.412356  0.411190  0.411772  0.414052  0.415335  0.396821  0.396965  0.413341
     United States  Government_expenditure 33.723602 34.499000 35.663610 36.744984 36.377934 35.459713 35.484634 34.722874 33.669456 32.750874 32.172680 31.734135 32.801414 33.698273 34.037052 33.719254 33.927917 33.691704 34.561714 37.144080 41.398660 39.762627 38.795914 37.222730 35.782320 35.323936 35.030950 35.333070 35.194073 35.349342 35.810776 44.568054 42.599358 36.308407
     United States Human_Development_Index  0.878000  0.878000  0.878000  0.882000  0.884000  0.887000  0.888000  0.890000  0.893000  0.895000  0.895000  0.895000  0.897000  0.898000  0.900000  0.905000  0.907000  0.911000  0.914000  0.914000  0.915000  0.919000  0.920000  0.923000  0.925000  0.926000  0.928000  0.929000  0.931000  0.934000  0.936000  0.925000  0.921000  0.930000
     United States    Political_corruption  0.073000  0.057000  0.057000  0.057000  0.057000  0.057000  0.057000  0.057000  0.057000  0.057000  0.057000  0.057000  0.057000  0.057000  0.057000  0.057000  0.057000  0.057000  0.057000  0.057000  0.055000  0.055000  0.055000  0.054000  0.054000  0.054000  0.054000  0.070000  0.104000  0.101000  0.097000  0.088000  0.068000  0.059000
     United States             Poverty_gap  0.499201  0.497143  0.499387  0.497899  0.499659  0.499793  0.499981  0.748545  0.749062  0.748834  0.748056  0.749595  0.749307  0.748916  0.997420  0.999882  0.999732  0.998909  0.999890  0.999749  0.999386  0.999727  0.998976  0.998480  0.995464  1.248947  1.249188  0.999391  1.249923  0.999792  0.999171  0.249974  0.248719  1.249186