=== Group-Level Coefficients (Ealpha_0: shape (3, 70)): ===
[[-1.5156 -1.5069 -1.4954 -1.4802 -1.4602 -1.4341 -1.4    -1.3559 -1.2992
  -1.2273 -1.1372 -1.0262 -0.8925 -0.7355 -0.5563 -0.3589 -0.1492  0.0647
   0.2743  0.4718  0.6509  0.808   0.9417  1.0526  1.1427  1.2147  1.2713
   1.3154  1.3495  1.3757  1.3956  1.4108  1.4223  1.4311  1.4376  0.1716
   0.3179  0.4473  0.5611  0.6604  0.7469  0.822   0.8875  0.9456  0.9988
   1.0496  1.1013  1.1575  1.2216  1.2975  1.3883  1.4962  1.6218  1.7634
   1.9169  2.076   2.2331  2.3808  2.5126  2.6245  2.7148  2.784   2.8344
   2.8692  2.892   2.9065  2.9162  2.9242  2.9334  2.946 ]
 [-0.7861 -0.6568 -0.5535 -0.4746 -0.4183 -0.383  -0.367  -0.3686 -0.386
  -0.4176 -0.4615 -0.5159 -0.5787 -0.6477 -0.7201 -0.7924 -0.8596 -0.9146
  -0.9466 -0.94   -0.8735 -0.7234 -0.4742 -0.1363  0.2449  0.6064  0.9026
   1.1233  1.2838  1.408   1.517   1.6265  1.7474  1.8867  2.0494  0.0785
   0.1432  0.1948  0.2343  0.2624  0.28    0.288   0.2872  0.2784  0.2625
   0.2403  0.2128  0.1809  0.1457  0.1083  0.0707  0.0355  0.0072 -0.0059
   0.0109  0.0836  0.2507  0.553   0.9948  1.5027  1.9563  2.282   2.4844
   2.6041  2.6797  2.7371  2.7911  2.8499  2.9181  2.9983]
 [-1.9185 -1.6324 -1.3822 -1.166  -0.9823 -0.8292 -0.7051 -0.608  -0.5361
  -0.4872 -0.4589 -0.448  -0.4503 -0.4601 -0.4685 -0.4625 -0.4235 -0.3283
  -0.1553  0.1001  0.4099  0.7158  0.9595  1.1129  1.1807  1.1844  1.1473
   1.088   1.0194  0.9504  0.8869  0.833   0.7917  0.7657  0.7569  0.0564
   0.103   0.1508  0.2016  0.258   0.3234  0.4029  0.503   0.6315  0.7965
   1.0047  1.2576  1.5483  1.86    2.1693  2.4526  2.6933  2.8843  3.0273
   3.1288  3.1971  3.2399  3.2637  3.2735  3.2728  3.2643  3.2497  3.2301
   3.2065  3.1793  3.1489  3.1156  3.0795  3.0408  2.9994]]

=== Entity-Level Coefficients (Ebeta_0: shape (50, 70)): ===
[[-1.5156 -1.5069 -1.4954 -1.4802 -1.4602 -1.4341 -1.4    -1.3559 -1.2992
  -1.2273 -1.1372 -1.0262 -0.8925 -0.7355 -0.5563 -0.3589 -0.1492  0.0647
   0.2743  0.4718  0.6509  0.808   0.9417  1.0526  1.1427  1.2147  1.2713
   1.3154  1.3495  1.3757  1.3956  1.4108  1.4223  1.4311  1.4376  0.1716
   0.3179  0.4473  0.5611  0.6604  0.7469  0.822   0.8875  0.9456  0.9988
   1.0496  1.1013  1.1575  1.2216  1.2975  1.3883  1.4962  1.6218  1.7634
   1.9169  2.076   2.2331  2.3808  2.5126  2.6245  2.7148  2.784   2.8344
   2.8692  2.892   2.9065  2.9162  2.9242  2.9334  2.946 ]
 [-1.5156 -1.5069 -1.4954 -1.4802 -1.4602 -1.4341 -1.4    -1.3559 -1.2992
  -1.2273 -1.1372 -1.0262 -0.8925 -0.7355 -0.5563 -0.3589 -0.1492  0.0647
   0.2743  0.4718  0.6509  0.808   0.9417  1.0526  1.1427  1.2147  1.2713
   1.3154  1.3495  1.3757  1.3956  1.4108  1.4223  1.4311  1.4376  0.1716
   0.3179  0.4473  0.5611  0.6604  0.7469  0.822   0.8875  0.9456  0.9988
   1.0496  1.1013  1.1575  1.2216  1.2975  1.3883  1.4962  1.6218  1.7634
   1.9169  2.076   2.2331  2.3808  2.5126  2.6245  2.7148  2.784   2.8344
   2.8692  2.892   2.9065  2.9162  2.9242  2.9334  2.946 ]
 [-1.5156 -1.5069 -1.4954 -1.4802 -1.4602 -1.4341 -1.4    -1.3559 -1.2992
  -1.2273 -1.1372 -1.0262 -0.8925 -0.7355 -0.5563 -0.3589 -0.1492  0.0647
   0.2743  0.4718  0.6509  0.808   0.9417  1.0526  1.1427  1.2147  1.2713
   1.3154  1.3495  1.3757  1.3956  1.4108  1.4223  1.4311  1.4376  0.1716
   0.3179  0.4473  0.5611  0.6604  0.7469  0.822   0.8875  0.9456  0.9988
   1.0496  1.1013  1.1575  1.2216  1.2975  1.3883  1.4962  1.6218  1.7634
   1.9169  2.076   2.2331  2.3808  2.5126  2.6245  2.7148  2.784   2.8344
   2.8692  2.892   2.9065  2.9162  2.9242  2.9334  2.946 ]
 [-1.5156 -1.5069 -1.4954 -1.4802 -1.4602 -1.4341 -1.4    -1.3559 -1.2992
  -1.2273 -1.1372 -1.0262 -0.8925 -0.7355 -0.5563 -0.3589 -0.1492  0.0647
   0.2743  0.4718  0.6509  0.808   0.9417  1.0526  1.1427  1.2147  1.2713
   1.3154  1.3495  1.3757  1.3956  1.4108  1.4223  1.4311  1.4376  0.1716
   0.3179  0.4473  0.5611  0.6604  0.7469  0.822   0.8875  0.9456  0.9988
   1.0496  1.1013  1.1575  1.2216  1.2975  1.3883  1.4962  1.6218  1.7634
   1.9169  2.076   2.2331  2.3808  2.5126  2.6245  2.7148  2.784   2.8344
   2.8692  2.892   2.9065  2.9162  2.9242  2.9334  2.946 ]
 [-1.5156 -1.5069 -1.4954 -1.4802 -1.4602 -1.4341 -1.4    -1.3559 -1.2992
  -1.2273 -1.1372 -1.0262 -0.8925 -0.7355 -0.5563 -0.3589 -0.1492  0.0647
   0.2743  0.4718  0.6509  0.808   0.9417  1.0526  1.1427  1.2147  1.2713
   1.3154  1.3495  1.3757  1.3956  1.4108  1.4223  1.4311  1.4376  0.1716
   0.3179  0.4473  0.5611  0.6604  0.7469  0.822   0.8875  0.9456  0.9988
   1.0496  1.1013  1.1575  1.2216  1.2975  1.3883  1.4962  1.6218  1.7634
   1.9169  2.076   2.2331  2.3808  2.5126  2.6245  2.7148  2.784   2.8344
   2.8692  2.892   2.9065  2.9162  2.9242  2.9334  2.946 ]
 [-1.5156 -1.5069 -1.4954 -1.4802 -1.4602 -1.4341 -1.4    -1.3559 -1.2992
  -1.2273 -1.1372 -1.0262 -0.8925 -0.7355 -0.5563 -0.3589 -0.1492  0.0647
   0.2743  0.4718  0.6509  0.808   0.9417  1.0526  1.1427  1.2147  1.2713
   1.3154  1.3495  1.3757  1.3956  1.4108  1.4223  1.4311  1.4376  0.1716
   0.3179  0.4473  0.5611  0.6604  0.7469  0.822   0.8875  0.9456  0.9988
   1.0496  1.1013  1.1575  1.2216  1.2975  1.3883  1.4962  1.6218  1.7634
   1.9169  2.076   2.2331  2.3808  2.5126  2.6245  2.7148  2.784   2.8344
   2.8692  2.892   2.9065  2.9162  2.9242  2.9334  2.946 ]
 [-1.5156 -1.5069 -1.4954 -1.4802 -1.4602 -1.4341 -1.4    -1.3559 -1.2992
  -1.2273 -1.1372 -1.0262 -0.8925 -0.7355 -0.5563 -0.3589 -0.1492  0.0647
   0.2743  0.4718  0.6509  0.808   0.9417  1.0526  1.1427  1.2147  1.2713
   1.3154  1.3495  1.3757  1.3956  1.4108  1.4223  1.4311  1.4376  0.1716
   0.3179  0.4473  0.5611  0.6604  0.7469  0.822   0.8875  0.9456  0.9988
   1.0496  1.1013  1.1575  1.2216  1.2975  1.3883  1.4962  1.6218  1.7634
   1.9169  2.076   2.2331  2.3808  2.5126  2.6245  2.7148  2.784   2.8344
   2.8692  2.892   2.9065  2.9162  2.9242  2.9334  2.946 ]
 [-1.5156 -1.5069 -1.4954 -1.4802 -1.4602 -1.4341 -1.4    -1.3559 -1.2992
  -1.2273 -1.1372 -1.0262 -0.8925 -0.7355 -0.5563 -0.3589 -0.1492  0.0647
   0.2743  0.4718  0.6509  0.808   0.9417  1.0526  1.1427  1.2147  1.2713
   1.3154  1.3495  1.3757  1.3956  1.4108  1.4223  1.4311  1.4376  0.1716
   0.3179  0.4473  0.5611  0.6604  0.7469  0.822   0.8875  0.9456  0.9988
   1.0496  1.1013  1.1575  1.2216  1.2975  1.3883  1.4962  1.6218  1.7634
   1.9169  2.076   2.2331  2.3808  2.5126  2.6245  2.7148  2.784   2.8344
   2.8692  2.892   2.9065  2.9162  2.9242  2.9334  2.946 ]
 [-1.5156 -1.5069 -1.4954 -1.4802 -1.4602 -1.4341 -1.4    -1.3559 -1.2992
  -1.2273 -1.1372 -1.0262 -0.8925 -0.7355 -0.5563 -0.3589 -0.1492  0.0647
   0.2743  0.4718  0.6509  0.808   0.9417  1.0526  1.1427  1.2147  1.2713
   1.3154  1.3495  1.3757  1.3956  1.4108  1.4223  1.4311  1.4376  0.1716
   0.3179  0.4473  0.5611  0.6604  0.7469  0.822   0.8875  0.9456  0.9988
   1.0496  1.1013  1.1575  1.2216  1.2975  1.3883  1.4962  1.6218  1.7634
   1.9169  2.076   2.2331  2.3808  2.5126  2.6245  2.7148  2.784   2.8344
   2.8692  2.892   2.9065  2.9162  2.9242  2.9334  2.946 ]
 [-1.5156 -1.5069 -1.4954 -1.4802 -1.4602 -1.4341 -1.4    -1.3559 -1.2992
  -1.2273 -1.1372 -1.0262 -0.8925 -0.7355 -0.5563 -0.3589 -0.1492  0.0647
   0.2743  0.4718  0.6509  0.808   0.9417  1.0526  1.1427  1.2147  1.2713
   1.3154  1.3495  1.3757  1.3956  1.4108  1.4223  1.4311  1.4376  0.1716
   0.3179  0.4473  0.5611  0.6604  0.7469  0.822   0.8875  0.9456  0.9988
   1.0496  1.1013  1.1575  1.2216  1.2975  1.3883  1.4962  1.6218  1.7634
   1.9169  2.076   2.2331  2.3808  2.5126  2.6245  2.7148  2.784   2.8344
   2.8692  2.892   2.9065  2.9162  2.9242  2.9334  2.946 ]
 [-1.5156 -1.5069 -1.4954 -1.4802 -1.4602 -1.4341 -1.4    -1.3559 -1.2992
  -1.2273 -1.1372 -1.0262 -0.8925 -0.7355 -0.5563 -0.3589 -0.1492  0.0647
   0.2743  0.4718  0.6509  0.808   0.9417  1.0526  1.1427  1.2147  1.2713
   1.3154  1.3495  1.3757  1.3956  1.4108  1.4223  1.4311  1.4376  0.1716
   0.3179  0.4473  0.5611  0.6604  0.7469  0.822   0.8875  0.9456  0.9988
   1.0496  1.1013  1.1575  1.2216  1.2975  1.3883  1.4962  1.6218  1.7634
   1.9169  2.076   2.2331  2.3808  2.5126  2.6245  2.7148  2.784   2.8344
   2.8692  2.892   2.9065  2.9162  2.9242  2.9334  2.946 ]
 [-1.5156 -1.5069 -1.4954 -1.4802 -1.4602 -1.4341 -1.4    -1.3559 -1.2992
  -1.2273 -1.1372 -1.0262 -0.8925 -0.7355 -0.5563 -0.3589 -0.1492  0.0647
   0.2743  0.4718  0.6509  0.808   0.9417  1.0526  1.1427  1.2147  1.2713
   1.3154  1.3495  1.3757  1.3956  1.4108  1.4223  1.4311  1.4376  0.1716
   0.3179  0.4473  0.5611  0.6604  0.7469  0.822   0.8875  0.9456  0.9988
   1.0496  1.1013  1.1575  1.2216  1.2975  1.3883  1.4962  1.6218  1.7634
   1.9169  2.076   2.2331  2.3808  2.5126  2.6245  2.7148  2.784   2.8344
   2.8692  2.892   2.9065  2.9162  2.9242  2.9334  2.946 ]
 [-1.5156 -1.5069 -1.4954 -1.4802 -1.4602 -1.4341 -1.4    -1.3559 -1.2992
  -1.2273 -1.1372 -1.0262 -0.8925 -0.7355 -0.5563 -0.3589 -0.1492  0.0647
   0.2743  0.4718  0.6509  0.808   0.9417  1.0526  1.1427  1.2147  1.2713
   1.3154  1.3495  1.3757  1.3956  1.4108  1.4223  1.4311  1.4376  0.1716
   0.3179  0.4473  0.5611  0.6604  0.7469  0.822   0.8875  0.9456  0.9988
   1.0496  1.1013  1.1575  1.2216  1.2975  1.3883  1.4962  1.6218  1.7634
   1.9169  2.076   2.2331  2.3808  2.5126  2.6245  2.7148  2.784   2.8344
   2.8692  2.892   2.9065  2.9162  2.9242  2.9334  2.946 ]
 [-1.5156 -1.5069 -1.4954 -1.4802 -1.4602 -1.4341 -1.4    -1.3559 -1.2992
  -1.2273 -1.1372 -1.0262 -0.8925 -0.7355 -0.5563 -0.3589 -0.1492  0.0647
   0.2743  0.4718  0.6509  0.808   0.9417  1.0526  1.1427  1.2147  1.2713
   1.3154  1.3495  1.3757  1.3956  1.4108  1.4223  1.4311  1.4376  0.1716
   0.3179  0.4473  0.5611  0.6604  0.7469  0.822   0.8875  0.9456  0.9988
   1.0496  1.1013  1.1575  1.2216  1.2975  1.3883  1.4962  1.6218  1.7634
   1.9169  2.076   2.2331  2.3808  2.5126  2.6245  2.7148  2.784   2.8344
   2.8692  2.892   2.9065  2.9162  2.9242  2.9334  2.946 ]
 [-1.5156 -1.5069 -1.4954 -1.4802 -1.4602 -1.4341 -1.4    -1.3559 -1.2992
  -1.2273 -1.1372 -1.0262 -0.8925 -0.7355 -0.5563 -0.3589 -0.1492  0.0647
   0.2743  0.4718  0.6509  0.808   0.9417  1.0526  1.1427  1.2147  1.2713
   1.3154  1.3495  1.3757  1.3956  1.4108  1.4223  1.4311  1.4376  0.1716
   0.3179  0.4473  0.5611  0.6604  0.7469  0.822   0.8875  0.9456  0.9988
   1.0496  1.1013  1.1575  1.2216  1.2975  1.3883  1.4962  1.6218  1.7634
   1.9169  2.076   2.2331  2.3808  2.5126  2.6245  2.7148  2.784   2.8344
   2.8692  2.892   2.9065  2.9162  2.9242  2.9334  2.946 ]
 [-0.7861 -0.6568 -0.5535 -0.4746 -0.4183 -0.383  -0.367  -0.3686 -0.386
  -0.4176 -0.4615 -0.5159 -0.5787 -0.6477 -0.7201 -0.7924 -0.8596 -0.9146
  -0.9466 -0.94   -0.8735 -0.7234 -0.4742 -0.1363  0.2449  0.6064  0.9026
   1.1233  1.2838  1.408   1.517   1.6265  1.7474  1.8867  2.0494  0.0785
   0.1432  0.1948  0.2343  0.2624  0.28    0.288   0.2872  0.2784  0.2625
   0.2403  0.2128  0.1809  0.1457  0.1083  0.0707  0.0355  0.0072 -0.0059
   0.0109  0.0836  0.2507  0.553   0.9948  1.5027  1.9563  2.282   2.4844
   2.6041  2.6797  2.7371  2.7911  2.8499  2.9181  2.9983]
 [-0.7861 -0.6568 -0.5535 -0.4746 -0.4183 -0.383  -0.367  -0.3686 -0.386
  -0.4176 -0.4615 -0.5159 -0.5787 -0.6477 -0.7201 -0.7924 -0.8596 -0.9146
  -0.9466 -0.94   -0.8735 -0.7234 -0.4742 -0.1363  0.2449  0.6064  0.9026
   1.1233  1.2838  1.408   1.517   1.6265  1.7474  1.8867  2.0494  0.0785
   0.1432  0.1948  0.2343  0.2624  0.28    0.288   0.2872  0.2784  0.2625
   0.2403  0.2128  0.1809  0.1457  0.1083  0.0707  0.0355  0.0072 -0.0059
   0.0109  0.0836  0.2507  0.553   0.9948  1.5027  1.9563  2.282   2.4844
   2.6041  2.6797  2.7371  2.7911  2.8499  2.9181  2.9983]
 [-0.7861 -0.6568 -0.5535 -0.4746 -0.4183 -0.383  -0.367  -0.3686 -0.386
  -0.4176 -0.4615 -0.5159 -0.5787 -0.6477 -0.7201 -0.7924 -0.8596 -0.9146
  -0.9466 -0.94   -0.8735 -0.7234 -0.4742 -0.1363  0.2449  0.6064  0.9026
   1.1233  1.2838  1.408   1.517   1.6265  1.7474  1.8867  2.0494  0.0785
   0.1432  0.1948  0.2343  0.2624  0.28    0.288   0.2872  0.2784  0.2625
   0.2403  0.2128  0.1809  0.1457  0.1083  0.0707  0.0355  0.0072 -0.0059
   0.0109  0.0836  0.2507  0.553   0.9948  1.5027  1.9563  2.282   2.4844
   2.6041  2.6797  2.7371  2.7911  2.8499  2.9181  2.9983]
 [-0.7861 -0.6568 -0.5535 -0.4746 -0.4183 -0.383  -0.367  -0.3686 -0.386
  -0.4176 -0.4615 -0.5159 -0.5787 -0.6477 -0.7201 -0.7924 -0.8596 -0.9146
  -0.9466 -0.94   -0.8735 -0.7234 -0.4742 -0.1363  0.2449  0.6064  0.9026
   1.1233  1.2838  1.408   1.517   1.6265  1.7474  1.8867  2.0494  0.0785
   0.1432  0.1948  0.2343  0.2624  0.28    0.288   0.2872  0.2784  0.2625
   0.2403  0.2128  0.1809  0.1457  0.1083  0.0707  0.0355  0.0072 -0.0059
   0.0109  0.0836  0.2507  0.553   0.9948  1.5027  1.9563  2.282   2.4844
   2.6041  2.6797  2.7371  2.7911  2.8499  2.9181  2.9983]
 [-0.7861 -0.6568 -0.5535 -0.4746 -0.4183 -0.383  -0.367  -0.3686 -0.386
  -0.4176 -0.4615 -0.5159 -0.5787 -0.6477 -0.7201 -0.7924 -0.8596 -0.9146
  -0.9466 -0.94   -0.8735 -0.7234 -0.4742 -0.1363  0.2449  0.6064  0.9026
   1.1233  1.2838  1.408   1.517   1.6265  1.7474  1.8867  2.0494  0.0785
   0.1432  0.1948  0.2343  0.2624  0.28    0.288   0.2872  0.2784  0.2625
   0.2403  0.2128  0.1809  0.1457  0.1083  0.0707  0.0355  0.0072 -0.0059
   0.0109  0.0836  0.2507  0.553   0.9948  1.5027  1.9563  2.282   2.4844
   2.6041  2.6797  2.7371  2.7911  2.8499  2.9181  2.9983]
 [-0.7861 -0.6568 -0.5535 -0.4746 -0.4183 -0.383  -0.367  -0.3686 -0.386
  -0.4176 -0.4615 -0.5159 -0.5787 -0.6477 -0.7201 -0.7924 -0.8596 -0.9146
  -0.9466 -0.94   -0.8735 -0.7234 -0.4742 -0.1363  0.2449  0.6064  0.9026
   1.1233  1.2838  1.408   1.517   1.6265  1.7474  1.8867  2.0494  0.0785
   0.1432  0.1948  0.2343  0.2624  0.28    0.288   0.2872  0.2784  0.2625
   0.2403  0.2128  0.1809  0.1457  0.1083  0.0707  0.0355  0.0072 -0.0059
   0.0109  0.0836  0.2507  0.553   0.9948  1.5027  1.9563  2.282   2.4844
   2.6041  2.6797  2.7371  2.7911  2.8499  2.9181  2.9983]
 [-0.7861 -0.6568 -0.5535 -0.4746 -0.4183 -0.383  -0.367  -0.3686 -0.386
  -0.4176 -0.4615 -0.5159 -0.5787 -0.6477 -0.7201 -0.7924 -0.8596 -0.9146
  -0.9466 -0.94   -0.8735 -0.7234 -0.4742 -0.1363  0.2449  0.6064  0.9026
   1.1233  1.2838  1.408   1.517   1.6265  1.7474  1.8867  2.0494  0.0785
   0.1432  0.1948  0.2343  0.2624  0.28    0.288   0.2872  0.2784  0.2625
   0.2403  0.2128  0.1809  0.1457  0.1083  0.0707  0.0355  0.0072 -0.0059
   0.0109  0.0836  0.2507  0.553   0.9948  1.5027  1.9563  2.282   2.4844
   2.6041  2.6797  2.7371  2.7911  2.8499  2.9181  2.9983]
 [-0.7861 -0.6568 -0.5535 -0.4746 -0.4183 -0.383  -0.367  -0.3686 -0.386
  -0.4176 -0.4615 -0.5159 -0.5787 -0.6477 -0.7201 -0.7924 -0.8596 -0.9146
  -0.9466 -0.94   -0.8735 -0.7234 -0.4742 -0.1363  0.2449  0.6064  0.9026
   1.1233  1.2838  1.408   1.517   1.6265  1.7474  1.8867  2.0494  0.0785
   0.1432  0.1948  0.2343  0.2624  0.28    0.288   0.2872  0.2784  0.2625
   0.2403  0.2128  0.1809  0.1457  0.1083  0.0707  0.0355  0.0072 -0.0059
   0.0109  0.0836  0.2507  0.553   0.9948  1.5027  1.9563  2.282   2.4844
   2.6041  2.6797  2.7371  2.7911  2.8499  2.9181  2.9983]
 [-0.7861 -0.6568 -0.5535 -0.4746 -0.4183 -0.383  -0.367  -0.3686 -0.386
  -0.4176 -0.4615 -0.5159 -0.5787 -0.6477 -0.7201 -0.7924 -0.8596 -0.9146
  -0.9466 -0.94   -0.8735 -0.7234 -0.4742 -0.1363  0.2449  0.6064  0.9026
   1.1233  1.2838  1.408   1.517   1.6265  1.7474  1.8867  2.0494  0.0785
   0.1432  0.1948  0.2343  0.2624  0.28    0.288   0.2872  0.2784  0.2625
   0.2403  0.2128  0.1809  0.1457  0.1083  0.0707  0.0355  0.0072 -0.0059
   0.0109  0.0836  0.2507  0.553   0.9948  1.5027  1.9563  2.282   2.4844
   2.6041  2.6797  2.7371  2.7911  2.8499  2.9181  2.9983]
 [-0.7861 -0.6568 -0.5535 -0.4746 -0.4183 -0.383  -0.367  -0.3686 -0.386
  -0.4176 -0.4615 -0.5159 -0.5787 -0.6477 -0.7201 -0.7924 -0.8596 -0.9146
  -0.9466 -0.94   -0.8735 -0.7234 -0.4742 -0.1363  0.2449  0.6064  0.9026
   1.1233  1.2838  1.408   1.517   1.6265  1.7474  1.8867  2.0494  0.0785
   0.1432  0.1948  0.2343  0.2624  0.28    0.288   0.2872  0.2784  0.2625
   0.2403  0.2128  0.1809  0.1457  0.1083  0.0707  0.0355  0.0072 -0.0059
   0.0109  0.0836  0.2507  0.553   0.9948  1.5027  1.9563  2.282   2.4844
   2.6041  2.6797  2.7371  2.7911  2.8499  2.9181  2.9983]
 [-0.7861 -0.6568 -0.5535 -0.4746 -0.4183 -0.383  -0.367  -0.3686 -0.386
  -0.4176 -0.4615 -0.5159 -0.5787 -0.6477 -0.7201 -0.7924 -0.8596 -0.9146
  -0.9466 -0.94   -0.8735 -0.7234 -0.4742 -0.1363  0.2449  0.6064  0.9026
   1.1233  1.2838  1.408   1.517   1.6265  1.7474  1.8867  2.0494  0.0785
   0.1432  0.1948  0.2343  0.2624  0.28    0.288   0.2872  0.2784  0.2625
   0.2403  0.2128  0.1809  0.1457  0.1083  0.0707  0.0355  0.0072 -0.0059
   0.0109  0.0836  0.2507  0.553   0.9948  1.5027  1.9563  2.282   2.4844
   2.6041  2.6797  2.7371  2.7911  2.8499  2.9181  2.9983]
 [-0.7861 -0.6568 -0.5535 -0.4746 -0.4183 -0.383  -0.367  -0.3686 -0.386
  -0.4176 -0.4615 -0.5159 -0.5787 -0.6477 -0.7201 -0.7924 -0.8596 -0.9146
  -0.9466 -0.94   -0.8735 -0.7234 -0.4742 -0.1363  0.2449  0.6064  0.9026
   1.1233  1.2838  1.408   1.517   1.6265  1.7474  1.8867  2.0494  0.0785
   0.1432  0.1948  0.2343  0.2624  0.28    0.288   0.2872  0.2784  0.2625
   0.2403  0.2128  0.1809  0.1457  0.1083  0.0707  0.0355  0.0072 -0.0059
   0.0109  0.0836  0.2507  0.553   0.9948  1.5027  1.9563  2.282   2.4844
   2.6041  2.6797  2.7371  2.7911  2.8499  2.9181  2.9983]
 [-0.7861 -0.6568 -0.5535 -0.4746 -0.4183 -0.383  -0.367  -0.3686 -0.386
  -0.4176 -0.4615 -0.5159 -0.5787 -0.6477 -0.7201 -0.7924 -0.8596 -0.9146
  -0.9466 -0.94   -0.8735 -0.7234 -0.4742 -0.1363  0.2449  0.6064  0.9026
   1.1233  1.2838  1.408   1.517   1.6265  1.7474  1.8867  2.0494  0.0785
   0.1432  0.1948  0.2343  0.2624  0.28    0.288   0.2872  0.2784  0.2625
   0.2403  0.2128  0.1809  0.1457  0.1083  0.0707  0.0355  0.0072 -0.0059
   0.0109  0.0836  0.2507  0.553   0.9948  1.5027  1.9563  2.282   2.4844
   2.6041  2.6797  2.7371  2.7911  2.8499  2.9181  2.9983]
 [-0.7861 -0.6568 -0.5535 -0.4746 -0.4183 -0.383  -0.367  -0.3686 -0.386
  -0.4176 -0.4615 -0.5159 -0.5787 -0.6477 -0.7201 -0.7924 -0.8596 -0.9146
  -0.9466 -0.94   -0.8735 -0.7234 -0.4742 -0.1363  0.2449  0.6064  0.9026
   1.1233  1.2838  1.408   1.517   1.6265  1.7474  1.8867  2.0494  0.0785
   0.1432  0.1948  0.2343  0.2624  0.28    0.288   0.2872  0.2784  0.2625
   0.2403  0.2128  0.1809  0.1457  0.1083  0.0707  0.0355  0.0072 -0.0059
   0.0109  0.0836  0.2507  0.553   0.9948  1.5027  1.9563  2.282   2.4844
   2.6041  2.6797  2.7371  2.7911  2.8499  2.9181  2.9983]
 [-0.7861 -0.6568 -0.5535 -0.4746 -0.4183 -0.383  -0.367  -0.3686 -0.386
  -0.4176 -0.4615 -0.5159 -0.5787 -0.6477 -0.7201 -0.7924 -0.8596 -0.9146
  -0.9466 -0.94   -0.8735 -0.7234 -0.4742 -0.1363  0.2449  0.6064  0.9026
   1.1233  1.2838  1.408   1.517   1.6265  1.7474  1.8867  2.0494  0.0785
   0.1432  0.1948  0.2343  0.2624  0.28    0.288   0.2872  0.2784  0.2625
   0.2403  0.2128  0.1809  0.1457  0.1083  0.0707  0.0355  0.0072 -0.0059
   0.0109  0.0836  0.2507  0.553   0.9948  1.5027  1.9563  2.282   2.4844
   2.6041  2.6797  2.7371  2.7911  2.8499  2.9181  2.9983]
 [-1.9185 -1.6324 -1.3822 -1.166  -0.9823 -0.8292 -0.7051 -0.608  -0.5361
  -0.4872 -0.4589 -0.448  -0.4503 -0.4601 -0.4685 -0.4625 -0.4235 -0.3283
  -0.1553  0.1001  0.4099  0.7158  0.9595  1.1129  1.1807  1.1844  1.1473
   1.088   1.0194  0.9504  0.8869  0.833   0.7917  0.7657  0.7569  0.0564
   0.103   0.1508  0.2016  0.258   0.3234  0.4029  0.503   0.6315  0.7965
   1.0047  1.2576  1.5483  1.86    2.1693  2.4526  2.6933  2.8843  3.0273
   3.1288  3.1971  3.2399  3.2637  3.2735  3.2728  3.2643  3.2497  3.2301
   3.2065  3.1793  3.1489  3.1156  3.0795  3.0408  2.9994]
 [-1.9185 -1.6324 -1.3822 -1.166  -0.9823 -0.8292 -0.7051 -0.608  -0.5361
  -0.4872 -0.4589 -0.448  -0.4503 -0.4601 -0.4685 -0.4625 -0.4235 -0.3283
  -0.1553  0.1001  0.4099  0.7158  0.9595  1.1129  1.1807  1.1844  1.1473
   1.088   1.0194  0.9504  0.8869  0.833   0.7917  0.7657  0.7569  0.0564
   0.103   0.1508  0.2016  0.258   0.3234  0.4029  0.503   0.6315  0.7965
   1.0047  1.2576  1.5483  1.86    2.1693  2.4526  2.6933  2.8843  3.0273
   3.1288  3.1971  3.2399  3.2637  3.2735  3.2728  3.2643  3.2497  3.2301
   3.2065  3.1793  3.1489  3.1156  3.0795  3.0408  2.9994]
 [-1.9185 -1.6324 -1.3822 -1.166  -0.9823 -0.8292 -0.7051 -0.608  -0.5361
  -0.4872 -0.4589 -0.448  -0.4503 -0.4601 -0.4685 -0.4625 -0.4235 -0.3283
  -0.1553  0.1001  0.4099  0.7158  0.9595  1.1129  1.1807  1.1844  1.1473
   1.088   1.0194  0.9504  0.8869  0.833   0.7917  0.7657  0.7569  0.0564
   0.103   0.1508  0.2016  0.258   0.3234  0.4029  0.503   0.6315  0.7965
   1.0047  1.2576  1.5483  1.86    2.1693  2.4526  2.6933  2.8843  3.0273
   3.1288  3.1971  3.2399  3.2637  3.2735  3.2728  3.2643  3.2497  3.2301
   3.2065  3.1793  3.1489  3.1156  3.0795  3.0408  2.9994]
 [-1.9185 -1.6324 -1.3822 -1.166  -0.9823 -0.8292 -0.7051 -0.608  -0.5361
  -0.4872 -0.4589 -0.448  -0.4503 -0.4601 -0.4685 -0.4625 -0.4235 -0.3283
  -0.1553  0.1001  0.4099  0.7158  0.9595  1.1129  1.1807  1.1844  1.1473
   1.088   1.0194  0.9504  0.8869  0.833   0.7917  0.7657  0.7569  0.0564
   0.103   0.1508  0.2016  0.258   0.3234  0.4029  0.503   0.6315  0.7965
   1.0047  1.2576  1.5483  1.86    2.1693  2.4526  2.6933  2.8843  3.0273
   3.1288  3.1971  3.2399  3.2637  3.2735  3.2728  3.2643  3.2497  3.2301
   3.2065  3.1793  3.1489  3.1156  3.0795  3.0408  2.9994]
 [-1.9185 -1.6324 -1.3822 -1.166  -0.9823 -0.8292 -0.7051 -0.608  -0.5361
  -0.4872 -0.4589 -0.448  -0.4503 -0.4601 -0.4685 -0.4625 -0.4235 -0.3283
  -0.1553  0.1001  0.4099  0.7158  0.9595  1.1129  1.1807  1.1844  1.1473
   1.088   1.0194  0.9504  0.8869  0.833   0.7917  0.7657  0.7569  0.0564
   0.103   0.1508  0.2016  0.258   0.3234  0.4029  0.503   0.6315  0.7965
   1.0047  1.2576  1.5483  1.86    2.1693  2.4526  2.6933  2.8843  3.0273
   3.1288  3.1971  3.2399  3.2637  3.2735  3.2728  3.2643  3.2497  3.2301
   3.2065  3.1793  3.1489  3.1156  3.0795  3.0408  2.9994]
 [-1.9185 -1.6324 -1.3822 -1.166  -0.9823 -0.8292 -0.7051 -0.608  -0.5361
  -0.4872 -0.4589 -0.448  -0.4503 -0.4601 -0.4685 -0.4625 -0.4235 -0.3283
  -0.1553  0.1001  0.4099  0.7158  0.9595  1.1129  1.1807  1.1844  1.1473
   1.088   1.0194  0.9504  0.8869  0.833   0.7917  0.7657  0.7569  0.0564
   0.103   0.1508  0.2016  0.258   0.3234  0.4029  0.503   0.6315  0.7965
   1.0047  1.2576  1.5483  1.86    2.1693  2.4526  2.6933  2.8843  3.0273
   3.1288  3.1971  3.2399  3.2637  3.2735  3.2728  3.2643  3.2497  3.2301
   3.2065  3.1793  3.1489  3.1156  3.0795  3.0408  2.9994]
 [-1.9185 -1.6324 -1.3822 -1.166  -0.9823 -0.8292 -0.7051 -0.608  -0.5361
  -0.4872 -0.4589 -0.448  -0.4503 -0.4601 -0.4685 -0.4625 -0.4235 -0.3283
  -0.1553  0.1001  0.4099  0.7158  0.9595  1.1129  1.1807  1.1844  1.1473
   1.088   1.0194  0.9504  0.8869  0.833   0.7917  0.7657  0.7569  0.0564
   0.103   0.1508  0.2016  0.258   0.3234  0.4029  0.503   0.6315  0.7965
   1.0047  1.2576  1.5483  1.86    2.1693  2.4526  2.6933  2.8843  3.0273
   3.1288  3.1971  3.2399  3.2637  3.2735  3.2728  3.2643  3.2497  3.2301
   3.2065  3.1793  3.1489  3.1156  3.0795  3.0408  2.9994]
 [-1.9185 -1.6324 -1.3822 -1.166  -0.9823 -0.8292 -0.7051 -0.608  -0.5361
  -0.4872 -0.4589 -0.448  -0.4503 -0.4601 -0.4685 -0.4625 -0.4235 -0.3283
  -0.1553  0.1001  0.4099  0.7158  0.9595  1.1129  1.1807  1.1844  1.1473
   1.088   1.0194  0.9504  0.8869  0.833   0.7917  0.7657  0.7569  0.0564
   0.103   0.1508  0.2016  0.258   0.3234  0.4029  0.503   0.6315  0.7965
   1.0047  1.2576  1.5483  1.86    2.1693  2.4526  2.6933  2.8843  3.0273
   3.1288  3.1971  3.2399  3.2637  3.2735  3.2728  3.2643  3.2497  3.2301
   3.2065  3.1793  3.1489  3.1156  3.0795  3.0408  2.9994]
 [-1.9185 -1.6324 -1.3822 -1.166  -0.9823 -0.8292 -0.7051 -0.608  -0.5361
  -0.4872 -0.4589 -0.448  -0.4503 -0.4601 -0.4685 -0.4625 -0.4235 -0.3283
  -0.1553  0.1001  0.4099  0.7158  0.9595  1.1129  1.1807  1.1844  1.1473
   1.088   1.0194  0.9504  0.8869  0.833   0.7917  0.7657  0.7569  0.0564
   0.103   0.1508  0.2016  0.258   0.3234  0.4029  0.503   0.6315  0.7965
   1.0047  1.2576  1.5483  1.86    2.1693  2.4526  2.6933  2.8843  3.0273
   3.1288  3.1971  3.2399  3.2637  3.2735  3.2728  3.2643  3.2497  3.2301
   3.2065  3.1793  3.1489  3.1156  3.0795  3.0408  2.9994]
 [-1.9185 -1.6324 -1.3822 -1.166  -0.9823 -0.8292 -0.7051 -0.608  -0.5361
  -0.4872 -0.4589 -0.448  -0.4503 -0.4601 -0.4685 -0.4625 -0.4235 -0.3283
  -0.1553  0.1001  0.4099  0.7158  0.9595  1.1129  1.1807  1.1844  1.1473
   1.088   1.0194  0.9504  0.8869  0.833   0.7917  0.7657  0.7569  0.0564
   0.103   0.1508  0.2016  0.258   0.3234  0.4029  0.503   0.6315  0.7965
   1.0047  1.2576  1.5483  1.86    2.1693  2.4526  2.6933  2.8843  3.0273
   3.1288  3.1971  3.2399  3.2637  3.2735  3.2728  3.2643  3.2497  3.2301
   3.2065  3.1793  3.1489  3.1156  3.0795  3.0408  2.9994]
 [-1.9185 -1.6324 -1.3822 -1.166  -0.9823 -0.8292 -0.7051 -0.608  -0.5361
  -0.4872 -0.4589 -0.448  -0.4503 -0.4601 -0.4685 -0.4625 -0.4235 -0.3283
  -0.1553  0.1001  0.4099  0.7158  0.9595  1.1129  1.1807  1.1844  1.1473
   1.088   1.0194  0.9504  0.8869  0.833   0.7917  0.7657  0.7569  0.0564
   0.103   0.1508  0.2016  0.258   0.3234  0.4029  0.503   0.6315  0.7965
   1.0047  1.2576  1.5483  1.86    2.1693  2.4526  2.6933  2.8843  3.0273
   3.1288  3.1971  3.2399  3.2637  3.2735  3.2728  3.2643  3.2497  3.2301
   3.2065  3.1793  3.1489  3.1156  3.0795  3.0408  2.9994]
 [-1.9185 -1.6324 -1.3822 -1.166  -0.9823 -0.8292 -0.7051 -0.608  -0.5361
  -0.4872 -0.4589 -0.448  -0.4503 -0.4601 -0.4685 -0.4625 -0.4235 -0.3283
  -0.1553  0.1001  0.4099  0.7158  0.9595  1.1129  1.1807  1.1844  1.1473
   1.088   1.0194  0.9504  0.8869  0.833   0.7917  0.7657  0.7569  0.0564
   0.103   0.1508  0.2016  0.258   0.3234  0.4029  0.503   0.6315  0.7965
   1.0047  1.2576  1.5483  1.86    2.1693  2.4526  2.6933  2.8843  3.0273
   3.1288  3.1971  3.2399  3.2637  3.2735  3.2728  3.2643  3.2497  3.2301
   3.2065  3.1793  3.1489  3.1156  3.0795  3.0408  2.9994]
 [-1.9185 -1.6324 -1.3822 -1.166  -0.9823 -0.8292 -0.7051 -0.608  -0.5361
  -0.4872 -0.4589 -0.448  -0.4503 -0.4601 -0.4685 -0.4625 -0.4235 -0.3283
  -0.1553  0.1001  0.4099  0.7158  0.9595  1.1129  1.1807  1.1844  1.1473
   1.088   1.0194  0.9504  0.8869  0.833   0.7917  0.7657  0.7569  0.0564
   0.103   0.1508  0.2016  0.258   0.3234  0.4029  0.503   0.6315  0.7965
   1.0047  1.2576  1.5483  1.86    2.1693  2.4526  2.6933  2.8843  3.0273
   3.1288  3.1971  3.2399  3.2637  3.2735  3.2728  3.2643  3.2497  3.2301
   3.2065  3.1793  3.1489  3.1156  3.0795  3.0408  2.9994]
 [-1.9185 -1.6324 -1.3822 -1.166  -0.9823 -0.8292 -0.7051 -0.608  -0.5361
  -0.4872 -0.4589 -0.448  -0.4503 -0.4601 -0.4685 -0.4625 -0.4235 -0.3283
  -0.1553  0.1001  0.4099  0.7158  0.9595  1.1129  1.1807  1.1844  1.1473
   1.088   1.0194  0.9504  0.8869  0.833   0.7917  0.7657  0.7569  0.0564
   0.103   0.1508  0.2016  0.258   0.3234  0.4029  0.503   0.6315  0.7965
   1.0047  1.2576  1.5483  1.86    2.1693  2.4526  2.6933  2.8843  3.0273
   3.1288  3.1971  3.2399  3.2637  3.2735  3.2728  3.2643  3.2497  3.2301
   3.2065  3.1793  3.1489  3.1156  3.0795  3.0408  2.9994]
 [-1.9185 -1.6324 -1.3822 -1.166  -0.9823 -0.8292 -0.7051 -0.608  -0.5361
  -0.4872 -0.4589 -0.448  -0.4503 -0.4601 -0.4685 -0.4625 -0.4235 -0.3283
  -0.1553  0.1001  0.4099  0.7158  0.9595  1.1129  1.1807  1.1844  1.1473
   1.088   1.0194  0.9504  0.8869  0.833   0.7917  0.7657  0.7569  0.0564
   0.103   0.1508  0.2016  0.258   0.3234  0.4029  0.503   0.6315  0.7965
   1.0047  1.2576  1.5483  1.86    2.1693  2.4526  2.6933  2.8843  3.0273
   3.1288  3.1971  3.2399  3.2637  3.2735  3.2728  3.2643  3.2497  3.2301
   3.2065  3.1793  3.1489  3.1156  3.0795  3.0408  2.9994]
 [-1.9185 -1.6324 -1.3822 -1.166  -0.9823 -0.8292 -0.7051 -0.608  -0.5361
  -0.4872 -0.4589 -0.448  -0.4503 -0.4601 -0.4685 -0.4625 -0.4235 -0.3283
  -0.1553  0.1001  0.4099  0.7158  0.9595  1.1129  1.1807  1.1844  1.1473
   1.088   1.0194  0.9504  0.8869  0.833   0.7917  0.7657  0.7569  0.0564
   0.103   0.1508  0.2016  0.258   0.3234  0.4029  0.503   0.6315  0.7965
   1.0047  1.2576  1.5483  1.86    2.1693  2.4526  2.6933  2.8843  3.0273
   3.1288  3.1971  3.2399  3.2637  3.2735  3.2728  3.2643  3.2497  3.2301
   3.2065  3.1793  3.1489  3.1156  3.0795  3.0408  2.9994]
 [-1.9185 -1.6324 -1.3822 -1.166  -0.9823 -0.8292 -0.7051 -0.608  -0.5361
  -0.4872 -0.4589 -0.448  -0.4503 -0.4601 -0.4685 -0.4625 -0.4235 -0.3283
  -0.1553  0.1001  0.4099  0.7158  0.9595  1.1129  1.1807  1.1844  1.1473
   1.088   1.0194  0.9504  0.8869  0.833   0.7917  0.7657  0.7569  0.0564
   0.103   0.1508  0.2016  0.258   0.3234  0.4029  0.503   0.6315  0.7965
   1.0047  1.2576  1.5483  1.86    2.1693  2.4526  2.6933  2.8843  3.0273
   3.1288  3.1971  3.2399  3.2637  3.2735  3.2728  3.2643  3.2497  3.2301
   3.2065  3.1793  3.1489  3.1156  3.0795  3.0408  2.9994]
 [-1.9185 -1.6324 -1.3822 -1.166  -0.9823 -0.8292 -0.7051 -0.608  -0.5361
  -0.4872 -0.4589 -0.448  -0.4503 -0.4601 -0.4685 -0.4625 -0.4235 -0.3283
  -0.1553  0.1001  0.4099  0.7158  0.9595  1.1129  1.1807  1.1844  1.1473
   1.088   1.0194  0.9504  0.8869  0.833   0.7917  0.7657  0.7569  0.0564
   0.103   0.1508  0.2016  0.258   0.3234  0.4029  0.503   0.6315  0.7965
   1.0047  1.2576  1.5483  1.86    2.1693  2.4526  2.6933  2.8843  3.0273
   3.1288  3.1971  3.2399  3.2637  3.2735  3.2728  3.2643  3.2497  3.2301
   3.2065  3.1793  3.1489  3.1156  3.0795  3.0408  2.9994]
 [-1.9185 -1.6324 -1.3822 -1.166  -0.9823 -0.8292 -0.7051 -0.608  -0.5361
  -0.4872 -0.4589 -0.448  -0.4503 -0.4601 -0.4685 -0.4625 -0.4235 -0.3283
  -0.1553  0.1001  0.4099  0.7158  0.9595  1.1129  1.1807  1.1844  1.1473
   1.088   1.0194  0.9504  0.8869  0.833   0.7917  0.7657  0.7569  0.0564
   0.103   0.1508  0.2016  0.258   0.3234  0.4029  0.503   0.6315  0.7965
   1.0047  1.2576  1.5483  1.86    2.1693  2.4526  2.6933  2.8843  3.0273
   3.1288  3.1971  3.2399  3.2637  3.2735  3.2728  3.2643  3.2497  3.2301
   3.2065  3.1793  3.1489  3.1156  3.0795  3.0408  2.9994]
 [-1.9185 -1.6324 -1.3822 -1.166  -0.9823 -0.8292 -0.7051 -0.608  -0.5361
  -0.4872 -0.4589 -0.448  -0.4503 -0.4601 -0.4685 -0.4625 -0.4235 -0.3283
  -0.1553  0.1001  0.4099  0.7158  0.9595  1.1129  1.1807  1.1844  1.1473
   1.088   1.0194  0.9504  0.8869  0.833   0.7917  0.7657  0.7569  0.0564
   0.103   0.1508  0.2016  0.258   0.3234  0.4029  0.503   0.6315  0.7965
   1.0047  1.2576  1.5483  1.86    2.1693  2.4526  2.6933  2.8843  3.0273
   3.1288  3.1971  3.2399  3.2637  3.2735  3.2728  3.2643  3.2497  3.2301
   3.2065  3.1793  3.1489  3.1156  3.0795  3.0408  2.9994]]