Coefficients evaluated at each u :
[[ 3.92184748e+01 -7.48096192e-01  8.40059647e+01 -1.03224328e+02]
 [ 4.16050870e+01 -8.22939926e-01  8.15729026e+01 -1.04491102e+02]
 [ 4.67891657e+01 -6.99512567e-01  1.90353239e+01 -5.88534308e+01]
 [ 3.89798687e+01 -2.34766154e-01 -6.34304643e+01  3.16580969e+01]
 [ 8.29958037e+00  1.93189927e-01 -1.02273627e+02  1.46243710e+02]
 [ 1.20028953e+00 -6.96556059e-01 -2.76015051e+00  1.03415152e+02]
 [-4.17290795e+00 -1.35115375e+00  7.27715133e+01  7.02519472e+01]
 [-1.14742048e+02 -2.29630132e+00  4.16352659e+02  5.24169138e+01]
 [-7.47805812e+01 -3.87334020e-01  7.94419465e+01  2.21844165e+02]
 [-7.11792166e+01 -1.64598429e-01  4.91512045e+01  2.33102305e+02]
 [ 3.30297072e+02 -6.66052344e-02 -7.89405673e+02  1.63592536e+01]
 [ 3.96905063e+02 -8.14028415e-02 -9.43841145e+02  3.10587261e+00]
 [ 9.18859320e+01 -5.82461787e-02 -1.33978972e+02 -7.56929469e+01]
 [-1.77860572e+02 -6.33575980e-01  5.04677658e+02  2.57592885e+00]
 [-3.24196402e+02 -1.05157372e+00  8.53978788e+02  4.95270110e+01]
 [-3.47323808e+02 -1.15488087e+00  9.07732657e+02  6.17001846e+01]
 [-2.93186679e+02 -8.19261425e-01  7.48471037e+02  6.92315358e+01]
 [-2.22047897e+02 -3.28853273e-01  5.37572656e+02  7.83786555e+01]
 [-1.91048376e+02 -2.01448644e-01  4.48882195e+02  8.48224970e+01]
 [-8.64373200e+01 -4.04956803e-01  6.29175614e+01  2.86869636e+02]
 [-1.65851103e+01 -3.37180898e-01 -1.55720020e+02  3.46892770e+02]
 [ 6.39559371e+00 -7.58154905e-01 -2.19896216e+02  3.90694382e+02]
 [ 7.58880722e+00 -1.89522286e+00 -2.36667332e+02  5.02464446e+02]
 [ 1.04241556e+01 -7.48827321e-01 -1.39981926e+02  2.51543648e+02]
 [ 1.93826836e+00 -2.82391490e-01 -2.18622196e+01  6.49796375e+01]
 [-4.17977948e+01  1.29047489e-01  1.17636733e+02 -1.58779020e+01]
 [-4.59010875e+01  2.41294765e-01  1.26951859e+02 -2.43342400e+01]
 [-3.10715004e+01  1.70287478e-01  6.99449697e+01  1.15781861e+01]
 [-3.14260180e+01  1.26100838e-01  7.38926808e+01  1.08488115e+01]
 [-2.60024334e+01 -3.40419304e-01  1.06884350e+02 -1.69522347e+01]
 [-2.46102246e+01 -4.64055573e-01  9.81405370e+01  4.60748914e-01]
 [-2.20937508e+01 -5.36545606e-01  6.51423674e+01  4.40004492e+01]
 [-1.45638983e+01 -6.60328041e-01 -4.77821332e+01  1.88051020e+02]
 [ 2.84978276e+00 -9.30923411e-01 -2.91514117e+02  4.95553463e+02]
 [-1.82400419e+01 -2.18464787e-01 -1.23707806e+02  5.44858078e+03]
 [-2.56208398e+01 -3.73815893e-01 -2.80170166e+01  3.88073508e+03]
 [-4.83619845e+01 -9.19469774e-01  2.82597427e+02 -1.26744564e+03]
 [-8.53118742e+00 -3.12449694e-01  8.38237662e+01 -7.96565435e+02]
 [ 1.38111543e+01 -4.62056697e-02 -2.72960114e+01 -4.25251854e+02]
 [ 2.01644233e+01 -2.65624261e-01 -1.86999258e+01 -9.11299954e+02]
 [ 1.67644279e+01 -1.78786002e-01 -1.54158279e+01 -8.07720270e+02]
 [ 1.45213497e+01 -1.41436198e-01 -4.28087190e+00 -9.37782607e+02]
 [ 1.52435349e+01 -3.88690576e-01 -1.50339448e+02  3.00945638e+03]
 [ 1.15257223e+01 -2.84442855e-01 -9.69687738e+01  1.85008747e+03]
 [ 2.03802178e+00 -2.05470251e-01 -9.25619326e+01  2.45850611e+03]
 [ 2.01839979e+01  3.47091495e-01  9.58006672e+01 -4.55868396e+03]
 [ 2.37325931e+01  5.20340667e-01  1.43376628e+02 -6.28209935e+03]
 [ 1.44088260e+01  3.93462838e-01  9.25396561e+01 -4.03644256e+03]
 [ 1.43864590e+00  3.14581850e-02  7.67961605e+00 -3.35297857e+02]
 [ 2.24990971e-01 -5.37509506e-03  3.55601481e-01 -1.57592739e+00]
 [ 1.14433905e-01 -9.15954074e-03  8.10040987e-01  1.95627713e-01]
 [ 1.92147183e-03 -3.57983203e-03  9.40001627e-01  1.11228731e-01]
 [ 1.29378493e-01 -1.51032342e-03  4.60769760e-01 -4.57451378e-01]
 [-2.29447612e-01 -1.22226905e-03  1.62543536e+00 -1.02569847e+00]
 [-5.00761255e-01 -7.96315380e-04  2.60210244e+00 -4.58983866e+00]
 [-1.71552367e+00 -6.10899642e-03  8.27713911e+00 -4.98247740e+01]
 [-2.04609971e+00  3.02192617e-02  7.87227704e+00 -5.59191888e+01]
 [-1.92784716e+00  1.10045065e-01  4.30273601e+00 -7.05443703e+01]
 [-2.74913182e+00  1.16676008e-01  6.03472541e+00 -4.87147666e+01]
 [-3.43319229e+00  8.96774770e-02  8.86547332e+00 -2.95718549e+01]
 [-2.93173871e+00  5.06632957e-02  8.68574377e+00 -2.19713504e+01]
 [-1.06943112e+00  2.76175840e-02  1.43470689e+00  7.43690991e+01]
 [ 3.70080025e-01  1.29875049e-03 -2.87393184e-01 -7.34595956e+00]
 [ 4.15565601e-01  5.78988980e-03 -4.27220103e-01 -1.62232436e+01]
 [ 4.18639122e-01  1.23688994e-02 -4.95241683e-01 -2.60328398e+01]
 [ 1.06425732e-01  1.16865987e-02  4.06816548e-01 -1.89308030e+01]
 [-1.69391411e+00 -6.97912462e-03  5.80124318e+00  4.13815282e+01]
 [-1.59827913e+00 -5.63647864e-03  5.58775365e+00  3.52253205e+01]
 [-2.31179866e+02  2.43111834e+00  7.64685278e+02 -1.74486832e+02]
 [-1.07210330e+01 -6.28913522e-02  5.00645302e+01  5.31521079e+01]
 [ 8.52986370e+01 -9.78555667e-01 -2.63484833e+02  1.43670085e+02]
 [ 1.07215273e+02 -9.54710768e-01 -3.19774793e+02  1.06211546e+02]
 [ 8.49542361e+01 -2.89442858e-01 -2.45818277e+02  4.50589362e+01]
 [ 4.83999988e+01  6.24190380e-01 -1.39100831e+02 -3.55730868e+00]
 [-3.56236002e+00  1.26389720e+00  1.31657122e+01 -2.84957612e+01]
 [-1.81594564e+01  1.80558526e+00  4.99442309e+01 -4.43500099e+01]
 [-1.95532013e+00  1.81118828e+00 -5.64192461e+00 -2.46472814e+01]
 [ 2.94563158e+01  1.11852632e+00 -6.55944643e+01 -1.01852675e+02]
 [ 3.13063226e+01  4.90459019e-01 -4.58840046e+01 -1.48822994e+02]
 [ 2.77813526e+01 -4.92953440e-02 -1.49711539e+01 -1.85848984e+02]
 [ 2.42782532e+01 -4.33991341e-02 -3.03860352e+01 -8.53763344e+01]
 [ 2.55415201e+01  3.99018668e-01 -1.58704719e+02  3.88940202e+02]
 [ 3.24641504e+01  1.32647362e+00 -1.78194229e+02  2.97890068e+02]
 [ 7.64459814e+01  2.14586293e+00 -4.18919107e+02  7.25011066e+02]
 [ 6.02088634e+01  1.88341684e+00 -3.27625972e+02  5.52956902e+02]
 [ 2.91776896e+01  2.08977222e+00 -1.93256311e+02  3.28870316e+02]
 [ 1.95443644e+01  7.22353073e-01 -7.72031252e+01  7.07631025e+01]
 [ 4.75132389e+00 -3.73681255e-01  7.84079973e+00 -2.69568020e+01]
 [-1.04245408e+01 -3.11731111e-01  3.51758082e+00  1.49308261e+02]
 [-1.08361951e+01 -4.40076576e-01  1.34294891e+01  1.23791301e+02]
 [-9.17338531e+00 -6.04519376e-01  1.77656256e+01  1.02635356e+02]
 [-7.39047123e+00 -4.67776991e-01  2.01694338e+01  5.95717513e+01]
 [-5.80056735e-01 -2.81351687e-01  7.22305656e+00  2.08594494e+01]
 [ 1.40455793e+01  7.81610984e-02 -3.08604138e+01 -1.34382698e+01]
 [ 1.51525223e+01 -1.50347216e-02 -2.90823731e+01 -2.43468549e+01]
 [ 2.29170084e+01 -1.09891412e-01 -4.75251546e+01 -2.11944909e+01]
 [-3.07799190e+01 -4.86236578e-01  1.01157709e+02 -3.13859508e+01]
 [-5.54919517e+01 -7.65406306e-01  1.66571757e+02 -1.33626396e+01]
 [-5.98077977e+01 -7.03300429e-01  1.64958014e+02  3.26854037e+01]
 [-5.23201402e+01 -5.30675048e-01  1.35346526e+02  5.96234173e+01]
 [-4.17356876e+01 -2.82221435e-01  9.22648476e+01  1.02704596e+02]
 [-1.04438607e+02 -1.20240654e+00  7.28377929e+02 -1.85792396e+03]
 [-1.38018266e+03  1.17851589e+01 -3.10322442e+03  5.46413079e+03]
 [-6.64448397e+01  3.95610466e+00 -1.35747538e+03  1.12891511e+03]
 [ 1.36635381e+02  2.37506958e+00 -1.13027381e+03  4.94021805e+02]
 [ 1.52989394e+02  1.94280203e+00 -1.07440862e+03  4.19065289e+02]
 [ 1.32007760e+02  1.15436977e+00 -8.77941449e+02  3.34929409e+02]
 [-2.23729639e+01 -9.78057966e-01  5.50703787e+01  4.53036589e+01]
 [-1.04627662e+01 -1.60063391e-01  3.17306254e+01  2.13498704e+01]
 [ 5.83514352e+00  4.37006216e-01  8.14922428e-01 -4.81950050e+00]
 [ 7.25852458e+00 -3.68388740e-02  1.32963022e+01 -1.15004891e+01]
 [-4.59875731e+00 -1.06729448e+00  4.77886674e+01  6.52020378e+00]
 [-4.54716646e-01 -3.82900822e-01  4.45915834e+00  2.06201385e+01]
 [-1.85760135e+01  3.94823512e+00 -7.21994762e+02  5.98410948e+02]
 [-2.05799096e+01  4.88995368e+00 -8.57829033e+02  7.00561992e+02]
 [-3.84822774e+01  1.26719113e+00  1.15624819e+02 -8.23530185e+00]
 [-1.57599773e+01  2.43807155e+00 -2.14747582e+01  2.73831507e+01]
 [ 4.94808276e-01  2.60548592e+00 -1.36641698e+02  8.23088167e+01]
 [ 4.02034279e+00  1.05685907e+00 -2.73676515e+02  2.25967265e+02]
 [ 1.91767067e+01  1.03127262e+00 -3.84806852e+02  2.86209235e+02]
 [ 1.87429583e+01  5.74427126e-01 -3.47751097e+02  2.64473606e+02]
 [ 1.41466010e+01  1.45146673e-01 -2.45450555e+02  1.94175837e+02]
 [ 5.60356641e+00  3.07850864e-01 -1.78763613e+02  1.53120494e+02]
 [-1.11267024e+01  4.87934460e-01 -1.04715394e+02  1.26467906e+02]
 [ 5.82748341e+00  1.33809948e-01 -9.77709245e+01  8.21977251e+01]
 [ 9.38113712e+00 -3.82913587e-02 -8.15232882e+01  6.12247186e+01]
 [ 9.53769979e+00 -6.59509110e-02 -7.74785983e+01  5.76518800e+01]
 [ 3.22852003e+00 -1.86503530e-01 -7.01584473e+01  7.11827897e+01]
 [-3.09242270e+00  1.98232238e-02 -5.99530986e+01  7.43320199e+01]
 [-6.02205403e+00  1.56783011e+00 -3.22068024e+01  2.05202221e+01]
 [-1.88951225e+01  1.58650512e+00 -6.87116229e-01  2.61364591e+01]
 [-1.06743025e+01  1.85777558e-01  4.10716589e+01 -9.45227438e+00]
 [-5.39625672e+00  1.55132304e-02  2.72957401e+01 -8.21393971e+00]
 [-4.47869051e-01  6.79225993e-02  3.53644456e+00 -1.06004966e+00]
 [-5.43558636e-01  7.27620543e-02  3.87160777e+00 -1.24902762e+00]
 [-7.30897051e+00 -1.24247457e-01  3.96753497e+01 -1.10733037e+01]
 [-2.36974065e+01 -8.27321698e-01  1.50554833e+02  2.54633126e+01]
 [ 8.50811549e+00  6.45402902e-01 -9.10758350e+01  7.56997732e+01]
 [ 1.09687060e+01  8.15072714e-01 -1.21038344e+02  8.58937196e+01]
 [ 1.16039354e+01  9.66107686e-01 -1.43557157e+02  9.59892223e+01]
 [-6.34748950e+00  8.85728487e-01 -8.67020304e+01  1.02398394e+02]
 [-4.64943750e+01  1.26408953e-01  5.85158647e+01  1.19017378e+02]
 [-5.66510137e+01 -2.95178957e-01  6.15112159e+01  1.55267167e+02]
 [-6.52620518e+01 -6.64730448e-03  2.90557695e+01  1.96529337e+02]
 [-8.72634406e+01 -9.08995572e-02 -9.01330974e+01  3.53711282e+02]
 [-8.77966280e+01 -4.22215559e-01 -1.23193212e+02  3.91156707e+02]
 [-8.47804623e+01 -5.20818556e-01 -1.06847526e+02  3.72583012e+02]
 [-8.41498789e+01 -9.36423377e+00  1.01388044e+03 -3.16610581e+02]
 [-1.03561556e+02 -9.15536162e+00  1.08096174e+03 -3.27701004e+02]
 [-1.11370954e+02 -6.60370718e+00  8.68032522e+02 -2.02170001e+02]
 [-7.45103189e+01 -1.45156403e+00  4.20020896e+02 -7.55820290e+01]
 [-8.55971465e+01  4.41981004e-01  1.85427287e+02  9.86213052e+01]
 [-9.12383696e+01  2.08272776e+00 -6.47599907e+01  2.79830448e+02]
 [-7.70643576e+01  2.61007431e+00 -2.06154072e+02  3.44916118e+02]
 [-5.57896967e+01  2.16273401e-01  1.50578252e+02  4.65852315e+01]
 [-3.63514906e+01  4.21519461e-01  1.45372694e+02 -1.38061442e+01]
 [-3.21311923e+01  6.20946466e-01  1.41177694e+02 -3.04261326e+01]
 [-1.20021024e+01  3.30852240e-01  3.51546375e+00  4.30810953e+01]
 [-1.32785955e+01 -7.81934633e-01  5.30116293e+01  4.21701501e+01]
 [-1.73831540e+01 -9.93009633e-01  7.89281727e+01  3.92653256e+01]
 [-1.47139526e+01 -8.46292937e-01  6.22863314e+01  4.03393179e+01]
 [-1.10463503e+01 -4.95117097e-01  3.19406281e+01  4.31452895e+01]
 [-1.10142282e+01  3.19963025e-01  1.67410088e+01  2.27909226e+01]
 [-8.90991755e+00  1.67538831e+00 -2.27674419e+01 -3.70459139e+00]
 [-1.01682281e+01  4.05397913e-01  2.98677180e+01  5.69212413e-01]
 [-8.58393385e+00  3.55418615e-01  1.77635930e+01  8.80716332e+00]
 [-6.45276115e+00  2.95296881e-01 -2.07340204e+00  2.32947241e+01]
 [-5.76443521e+00  2.57095886e-01 -1.21045491e+01  3.22499040e+01]
 [-8.85960388e+01  7.14026686e-01  2.97214375e+02  2.24313763e+01]
 [-6.50201480e+02  4.60062359e+00  2.38632361e+03 -7.30776193e+01]
 [-1.00721418e+01 -1.02157357e-02  4.01424528e+00  4.82502361e+02]
 [-8.63102240e+00 -5.66666881e-04  2.25340550e+00  4.24148912e+02]
 [-7.00573737e+00  1.96956381e-03  1.07354452e+00  3.54618741e+02]
 [-6.47406004e+00  2.05574448e-03  8.71183250e-01  3.30074805e+02]
 [ 2.16811028e-01  1.26641501e-04  7.87628411e-02  4.27997404e-01]
 [-3.70538079e-01  2.33138966e-04  1.75749354e-01  2.90528293e+01]
 [-1.82989414e+01  2.44156615e-02  6.09099632e+00  8.44178816e+02]
 [-8.52047383e-01  4.46631768e-01  3.22147511e+00 -3.86157728e+02]
 [-1.65377727e+00  3.79397171e-01 -6.90531113e+00 -1.45421292e+02]
 [-2.41046983e+00  2.92777618e-01 -2.13861130e+01  1.70852698e+02]
 [-2.86451041e+00  2.57507508e-01 -3.48627905e+01  4.13064034e+02]
 [-1.04413401e+00  2.35600438e-01 -1.03165208e+01 -3.70491612e+00]
 [ 7.16029982e-02  9.02639877e-02  1.46260606e+01 -2.85322933e+02]
 [-2.66438726e+00  2.74271308e-01  2.04820203e+01 -3.85565358e+02]
 [-1.27627188e+01  5.44414459e-01  1.18910682e+02 -1.48398442e+03]
 [-7.61059440e-01  3.20542131e-01 -2.79104109e+00 -1.96051460e+02]
 [-1.88871859e-01  1.74617381e-01 -8.84839184e+00 -1.26676298e+01]
 [-2.97397581e-02  1.90705983e-02 -1.38503975e+01  1.86325746e+02]
 [ 1.53753899e-01  3.38720664e-02 -2.86193635e+00  5.08055348e+00]
 [ 1.52708552e-01  3.36617575e-02  2.57578816e+00 -7.34457049e+01]
 [-1.95141820e-01  3.19094834e-02 -5.00436968e+00  5.54099137e+01]
 [-6.75104636e-01  2.68110586e-02  6.98457298e-01  8.15264683e-01]
 [-7.84368010e-01  3.38934882e-02  4.92063507e-01  2.52311556e+00]
 [-1.70093957e+00  9.17005567e-03  6.19851881e+00 -1.26271616e+01]
 [-5.29342976e+00  8.56272287e-03  2.08140253e+01 -4.89718005e+01]
 [-4.80337970e+00 -5.05901646e-02  2.25453189e+01 -4.21022722e+01]
 [-4.93077773e+00 -4.00834064e-02  2.28978038e+01 -5.17230433e+01]
 [-2.57949130e+00 -6.44963278e-02  1.53947721e+01 -3.59497685e+01]
 [-5.16407644e-01  5.59732752e-02 -2.12072180e+00  8.67123327e+00]
 [ 2.68512353e-01  4.50507456e-02 -4.29712667e+00  1.07146200e+01]
 [ 5.85481110e-01  3.99718812e-02 -5.23526841e+00  1.28636126e+01]
 [ 6.43077477e-01  3.41248220e-02 -4.74644816e+00  8.12764854e+00]
 [ 1.33380666e+00  9.09403235e-03 -4.58091363e+00 -6.61734446e+00]
 [ 3.02233899e+00 -4.30434981e-02 -4.87736241e+00 -4.12626750e+01]
 [-1.10145052e+02  6.57716201e-01 -1.78968335e+03  1.39691320e+03]
 [-9.80129754e+01  8.62815118e-01 -2.42795645e+03  1.75554616e+03]
 [-1.09439543e+02  1.09302288e+00 -1.97223481e+03  1.49882130e+03]
 [-1.05090995e+02  2.02627402e+00 -1.63918544e+03  1.26928468e+03]
 [-5.86707258e+00  4.93914699e+00 -1.28246799e+03  7.78476042e+02]
 [ 9.96354144e+00  1.59094334e+00 -3.19993560e+02  2.04069236e+02]
 [-9.45961213e+01 -1.70433254e+00  1.96324458e+02  1.67496183e+02]
 [-1.47199826e+02 -2.23794598e+00  6.21824955e+02  2.03454842e+01]
 [-1.40208596e+02 -1.98042698e+00  5.88414962e+02  2.02872352e+01]
 [-1.03279219e+02 -1.46887211e+00  3.29443456e+02  9.46536801e+01]
 [-5.31004915e+01 -5.48006374e-01  5.37543797e+01  1.41987032e+02]
 [-4.01925068e+01 -1.93887045e-01 -2.89522421e+01  1.58657014e+02]
 [-6.44613914e+01 -4.98312304e-01 -2.15490194e+01  2.14241466e+02]
 [-1.18173661e+02 -3.30207463e-01 -6.52579194e+02  7.44531860e+02]
 [-1.05817443e+02  1.14544415e-01 -5.67930092e+02  6.48284606e+02]
 [-1.07989039e+02  1.52694446e+00 -3.44149489e+02  4.58556882e+02]
 [-1.14170978e+02  1.50866767e+00 -3.81425558e+02  4.97071488e+02]
 [-6.73781689e+01  1.20338572e+00 -6.06273762e+02  5.64506131e+02]
 [-4.51073350e+01  1.71035374e+00 -8.80160449e+02  6.92867144e+02]
 [-2.94982691e+01  1.44233552e+00 -9.41804581e+02  7.10895246e+02]
 [-1.68637551e+01  1.75304082e-01 -5.33258646e+02  4.37074285e+02]
 [-8.96230471e+00  1.42932226e-01 -5.55167018e+02  4.36780689e+02]
 [-5.55998206e+00  5.80894581e-01 -7.56298909e+02  5.57566644e+02]
 [-9.69006357e+00  4.73481418e-01 -2.80819032e+02  2.37464879e+02]
 [-4.66992796e+01  1.15957491e+00  2.19041904e+02 -5.10358593e+01]
 [-4.85867791e+01  9.61730317e-01  1.86666821e+02 -1.70466618e+01]
 [-4.75371129e+01  7.22212334e-01  1.73272251e+02 -2.12347463e+00]
 [-4.17041699e+01  4.85782324e-01  1.56034598e+02  4.01089250e+00]
 [-6.41053318e+01 -2.21452399e-01  1.85692411e+02  5.83580134e+01]
 [-3.65389358e+01 -2.01486386e-01  6.14749297e+01  8.25208102e+01]
 [ 1.59749501e+01 -2.31174542e+00  3.40493430e+01  4.13513140e+01]
 [ 9.90445892e+01 -4.07870585e+00 -2.78759133e+02  1.24361288e+02]
 [ 2.00331592e+02 -5.97655620e+00 -7.18405780e+02  2.61186583e+02]
 [-1.84253496e+01 -1.12815350e+00  3.00414766e+02 -1.14012256e+02]
 [ 1.41268599e+03  1.86819276e-01  3.84287241e+03 -6.77793050e+03]
 [ 1.42000427e+03  1.62762256e-01  3.86753531e+03 -6.81641168e+03]
 [ 2.31319326e+02  1.05279274e-01  2.39680498e+02 -7.12357435e+02]
 [ 2.46595609e+02 -2.84640515e-02  3.78349216e+02 -8.41799952e+02]
 [ 2.79591537e+02 -6.47010917e-02  5.66912755e+02 -1.06164722e+03]
 [ 2.52207842e+02 -1.02869565e+00  2.34598387e+02 -7.60318024e+02]
 [ 1.38395920e+02  3.40373736e+00 -1.35687720e+02 -2.31272161e+02]
 [ 1.01755968e+02  7.93098195e+00 -5.11270255e+02  5.64304798e+01]
 [ 2.04274921e+02  8.38009043e+00 -1.47250398e+03  3.23228212e+02]
 [ 4.05849009e+02  6.17828122e+00 -2.91758769e+03  6.18173301e+02]
 [ 4.54372640e+02  9.28450261e+00 -3.41391788e+03  7.29669389e+02]
 [ 6.22399765e+02  1.74997930e+01 -4.82631887e+03  9.37360254e+02]
 [ 9.13680092e+01  4.06040015e+00 -2.07320159e+03  1.32063583e+03]
 [-8.94882250e+01  2.70569265e-01 -1.75463667e+03  1.93419503e+03]
 [-1.53921534e+02  1.99435856e+00 -7.89265464e+02  1.38812589e+03]
 [-2.22092040e+01  1.30298099e+01 -5.80717192e+02  3.76229606e+02]
 [ 1.56819717e+01  3.40881044e+00 -2.11404630e+02  1.27773631e+02]
 [ 2.91028533e+01  2.43870724e+00 -2.01858516e+02  8.46201889e+01]
 [ 4.15014216e+01  2.31492284e+00 -1.92674783e+02  2.71237166e+01]
 [ 3.04231558e+01 -6.11537350e-01 -6.28968093e+02  5.23972700e+02]
 [ 6.78300206e+00 -3.12677669e+00 -1.06920825e+03  1.06536101e+03]
 [ 6.14961224e+00 -2.74011679e+00 -9.41788018e+02  9.44583099e+02]
 [ 8.70365776e+00 -2.52266515e+00 -9.03257975e+02  8.95113703e+02]
 [ 3.49637725e+01 -4.59778452e+00 -1.61442137e+02  1.78232884e+02]
 [ 3.45219971e+01 -2.70725825e+00 -1.89881840e+02  1.58816884e+02]
 [ 1.50988662e+01  3.32235986e+00 -1.50263853e+02  3.96925780e+01]
 [-1.17184530e-01  6.39886337e+00 -7.57967343e+01 -5.35847488e+01]
 [ 1.86238005e+00  6.94639867e+00 -8.93157685e+01 -6.09737696e+01]
 [-6.02585070e+01  2.89792491e+00  2.19717236e+02 -3.55425677e+01]
 [-4.17986676e+01  1.92408371e+00  2.28158546e+02 -9.20785878e+01]
 [-2.68260662e+01  3.59541608e-01  1.64032654e+02 -5.13360209e+01]
 [-4.29172848e+01 -2.16147506e+00  9.30024968e+01  1.34903133e+02]
 [-7.36686480e+01 -3.74656911e+00  6.82540409e+01  3.10648001e+02]
 [ 3.84836282e+01 -1.23054049e+00 -1.31389210e+02  1.96727158e+01]
 [ 9.74048162e+00 -5.15937884e-01  1.45525960e+02 -3.40224825e+02]
 [-5.64081518e+00  6.03651787e-01 -1.90871039e+01  3.99245107e+00]
 [-6.58041217e+00  4.53380448e-01 -4.95079636e+00  3.44800620e+00]
 [-6.89456128e+00  3.93846194e-01 -1.41675489e-01  4.67164870e+00]
 [-6.06917552e+00  3.60346406e-01  2.77741963e-01  1.61428903e+00]
 [-3.68272485e+00  2.31090421e-01  3.69811517e+00 -7.47125143e+00]
 [-6.31447905e+00  1.44773110e-01  1.80370669e+01 -5.94322331e+00]
 [-2.88692157e+01  4.71579596e-01  6.58117332e+01  1.98539391e+01]
 [-1.65273405e+01  1.64844966e-02  5.46533208e+01  1.24106037e+01]
 [-1.64825849e+01 -1.34968071e-02  5.65097444e+01  1.16635440e+01]
 [-1.73757945e+01 -2.38747389e-03  5.12885880e+01  3.69950491e+01]
 [-1.69323897e+00  1.81984736e-01  5.04155193e-01 -1.31353647e+00]
 [ 4.36370378e+01  9.73037596e-01 -1.73175422e+02 -7.00035867e+01]
 [ 3.19511586e+01  7.58121808e-01 -1.31136351e+02 -4.29643500e+01]
 [ 1.59736339e+01  3.56736544e-01 -8.33776710e+01  4.39352246e+01]
 [ 1.17441891e+01  6.06828995e-01 -7.85195421e+01  2.84706778e+01]
 [ 2.03050165e+00  1.59951086e-01 -1.51801979e+01  6.66600426e+00]
 [ 3.77766728e+00  2.32553488e-01 -2.37197458e+01  1.77741761e+00]
 [-4.65958049e+00  2.04908838e-01  9.37377786e+00 -8.67319301e+00]
 [-6.17277210e+00  2.01690939e-01  1.51412288e+01 -1.01745123e+01]
 [-5.32096805e+00  2.05379953e-01  1.18695608e+01 -9.32063449e+00]
 [-5.17747207e+00  1.96574015e-01  1.14810660e+01 -7.88140469e+00]
 [-6.14222826e+00  2.16995204e-01  1.29054145e+01 -5.77605230e+00]
 [-1.27545214e+01  3.54364896e-01  2.55405871e+01 -1.62446504e+00]
 [-2.84250075e+01  3.69769805e-01  7.87672337e+01 -1.67477166e+01]
 [-1.98924825e+01  2.93473516e-01  6.11173866e+01 -4.03292687e+01]
 [-1.44238997e+01  4.02171025e-01  2.07453194e+01  3.31415528e+01]
 [-1.27023552e+01  4.45296262e-01 -1.63233236e+00  9.74860906e+01]
 [-7.20947278e+00  2.14707722e-01 -1.56749479e+01  1.38695644e+02]
 [-6.47650945e+00  1.48795351e-02  1.15477181e+01  5.52633376e+01]
 [-4.80443155e+00 -1.17716789e-01  2.34389261e+01  9.60643752e+00]
 [-2.24340909e+00 -1.25811515e-01  1.72150511e+01  2.20999956e+00]
 [-1.11482712e-01 -8.83602319e-02  7.78612916e+00  3.78512511e+00]
 [ 8.51569065e-01 -4.71619676e-02  2.17598136e+00  3.61523147e+00]
 [ 9.01558981e+01 -1.81853121e-01 -2.17413200e+02  5.13567006e+01]
 [ 9.35898895e+01 -1.89421335e-01 -2.26932637e+02  5.25363554e+01]
 [ 1.44949709e+02 -1.20378855e-01 -3.57565359e+02  4.89183604e+01]
 [ 2.37893125e+02  3.69567949e-02 -5.86388736e+02  3.27197318e+01]
 [ 2.60886924e+02  7.69266887e-02 -6.34197136e+02  1.84996671e+01]
 [-1.85774556e+02  1.57345241e-01 -4.36043188e+02  1.11874654e+03]
 [ 1.92353496e+00  2.64711754e-01 -1.92573353e+02  2.60011828e+02]
 [-1.55427013e+01  3.45567631e-01 -1.02940926e+02  2.00972503e+02]
 [-4.32182430e+01  4.40943735e-01 -8.89350623e+01  2.63056593e+02]
 [-6.75093763e+01  7.78431911e-01 -4.11360081e+01  2.64638100e+02]
 [-8.02879590e+01  3.03172269e+00 -1.08827800e+02  2.97397790e+02]
 [-1.09885002e+02  2.80682109e+00 -1.18399539e+02  4.08307808e+02]
 [-1.48536002e+02  3.00831378e+00 -1.37070748e+02  5.42420706e+02]
 [-5.02016184e+01  1.58980784e+00 -2.06285017e+02  3.84373399e+02]
 [-3.08264202e+01 -7.86060436e-01 -1.22798774e+02  3.16518602e+02]
 [-2.83483883e+01 -7.91004772e-01 -9.97251400e+01  2.79314402e+02]
 [-2.75358437e+01 -1.30838401e+00 -1.79932840e+02  4.01090705e+02]
 [-3.51100328e+01 -2.28201243e+00 -3.20888397e+02  6.47979552e+02]
 [-6.49965226e+01 -8.01142541e-01 -1.97444080e+02  5.24373528e+02]
 [-6.93675509e+01  9.97921365e-03 -2.02909377e+02  5.14000286e+02]
 [-1.06959773e+02  1.09136418e-02  5.06150801e+00  3.61571171e+02]
 [-9.70537879e+01  2.80198872e-01  2.90958278e+01  2.84740331e+02]
 [-4.20840043e+01  3.71281712e-01  2.55976507e+01  1.01047453e+02]
 [-1.65173107e+01  4.52070837e-01  1.74385360e+01  2.25140528e+01]
 [-7.57863522e+00  9.40805214e-01  3.21985784e+01 -4.86036798e+01]
 [ 5.44831748e+00  1.06447023e+00 -1.07891831e+01 -3.81650229e+01]
 [ 2.66420074e+01  9.07397612e-01 -8.51700882e+01 -4.57795160e-01]
 [ 3.74534829e+01  5.48379339e-01 -1.08934257e+02  9.48115092e+00]
 [ 4.67912038e+01 -8.33363269e-02 -1.18711820e+02  1.49285341e+01]
 [ 1.79570447e+01 -8.98552122e-02 -4.58195071e+01  1.20581653e+01]
 [ 3.21214991e+00 -9.83548459e-02 -1.19880527e+01  1.62716185e+01]
 [-3.50350711e+00 -9.51671722e-02  3.07693656e+00  1.82647929e+01]
 [ 1.87339126e+01  2.53719983e-02 -2.70791646e+01 -2.73907757e+01]
 [-1.71968566e+01  5.99277863e-03  3.55835903e+01  1.41773598e+01]
 [-3.76982228e+00  1.17077760e-04  4.06874073e+01 -4.57801831e+02]
 [-3.90419114e+00 -1.81346104e-02  3.90288019e+01 -3.99655248e+02]
 [-5.34250936e+00 -2.98022505e-03  1.23988766e+01  2.25060246e+02]
 [-4.89573012e+00  3.51387998e-02  3.68064544e+00  3.32144469e+02]
 [-3.21955729e+00  6.66214430e-02  5.36197326e+00  1.46079170e+02]
 [-3.75219035e+00  7.76459390e-02 -6.80774844e+00  4.21327610e+02]
 [-7.82543676e+00  6.69498455e-02 -1.76200726e+01  9.46787477e+02]
 [-6.32228362e+00  8.84479993e-02 -2.61322059e+01  9.92672588e+02]
 [-4.35816004e+00  1.12759137e-01 -3.90698107e+01  1.09467057e+03]
 [-1.25400708e+00  8.55989973e-01  8.33598911e+01 -2.49300937e+03]
 [-4.71513099e-01  8.21261567e-01  7.07167949e+01 -2.24798235e+03]
 [ 6.97784228e-01  6.65632428e-01  4.85956998e+01 -1.70691832e+03]
 [ 2.07432873e+00  4.46628921e-01  2.35987804e+01 -1.05686739e+03]
 [ 2.01434943e+00  1.72844191e-01  1.34758334e+01 -5.61293594e+02]
 [ 2.01144616e+00  2.33358223e-01  9.87331321e+00 -5.43235873e+02]
 [ 5.30021165e-01 -5.31888492e-01 -2.09551988e+01  1.00265782e+03]
 [ 8.86669999e-01 -2.61344537e-01 -3.61666566e+01  1.04006746e+03]
 [ 3.86033251e+00  9.86434366e-02 -4.23593713e+01  5.88570605e+02]
 [ 7.02357030e+00  1.90033887e-01 -2.96092995e+01 -2.69301048e+01]
 [ 5.26731393e+00  2.07101140e-01 -5.22690190e+01  5.89419239e+02]
 [-3.57750919e+00  6.22065989e-02  6.13211210e+00  1.06429489e+02]
 [-7.00464628e+00  4.34941870e-02  2.29185781e+01  5.69069047e+00]
 [-7.59183871e+00  6.35102679e-02  2.50724928e+01 -2.22934842e+01]
 [-1.65303526e+01  1.95422228e-01  5.02189566e+01 -9.38213772e+01]
 [-1.48220442e+00  5.47732598e-02  4.68342703e+00  3.34741065e+00]
 [ 2.13335459e+00  8.81640086e-02 -1.17481344e+01  6.03099736e+01]
 [-9.82030751e-01  4.96208809e-02  1.08328424e+00  4.04051575e+01]
 [-7.97939452e+00 -8.23717452e-02  3.12998410e+01  7.74491345e+00]
 [-7.12746869e+00 -9.13311945e-03  2.57352101e+01 -1.42120123e+00]
 [-1.16708194e+01  2.06149803e-03  4.01999931e+01 -1.16122692e+01]
 [-9.94389141e+00  2.99805778e-03  3.44203914e+01 -6.26751639e+00]
 [-7.96897107e+00 -8.88312986e-03  2.94114923e+01 -2.38991786e+01]
 [-2.08139707e+00 -2.59274227e-02  1.50248184e+01 -1.14149835e+02]
 [ 2.01657462e+02 -4.85695804e-01 -4.87398348e+02 -3.28674366e+03]
 [ 2.74036680e-01  1.72939415e-05  6.97858082e-02 -4.52967483e+01]
 [ 2.79648175e-01  1.74315922e-04  1.98615755e-02 -4.23720174e+01]
 [ 2.73641118e-01 -1.93978547e-04  3.97183043e-01 -1.10064193e+02]
 [ 2.78337204e-01 -3.01413649e-04  5.16361626e-01 -1.38259664e+02]
 [ 5.40375080e-01  1.27138547e-03 -1.81904671e-01 -2.76607698e+02]
 [ 3.50842217e+00 -1.98960170e-04  5.09177341e+00 -4.33774742e+03]
 [ 5.12253846e+00 -4.52339370e-03  8.64321996e+00 -6.63430620e+03]
 [ 4.55962375e+00 -3.13289586e-02 -1.64689692e+00 -3.41494273e+03]
 [ 5.08261841e+00 -2.28404979e-02  2.60413270e+00 -4.98871079e+03]
 [ 1.21078555e+01  4.98267177e-02  5.96211055e+01 -2.54810949e+04]
 [ 5.42025555e+00 -1.93701526e-01 -3.01774669e+01  4.48449218e+03]
 [ 6.22095042e+00 -2.78785026e-01 -5.31641277e+01  1.01111689e+04]
 [ 8.97401622e+00 -3.58213600e-01 -9.10117627e+01  1.72213419e+04]
 [ 7.37859198e+00 -5.50441947e-01 -8.53431656e+01  2.00368952e+04]
 [ 2.02084197e+00 -8.16020769e-01 -3.22092595e+01  1.65779762e+04]
 [-6.96348325e+00  1.52556238e-01 -5.92591252e+01  1.86218719e+04]
 [-1.06868192e+01  5.84940806e-01 -3.54147367e+01  1.11132243e+04]
 [-6.55877262e+00  5.42830705e-01 -2.16493615e+01  4.62920299e+03]
 [-1.69865528e+00  1.73619370e-01 -1.04830783e+02  2.38077116e+04]
 [-1.83727766e+00  5.92257300e-02 -3.35244416e+01  9.06378670e+03]
 [-3.60671361e+00 -4.43331542e-03  2.59535923e+01 -2.14939710e+03]
 [-2.62153480e+00 -9.76971002e-02 -3.67530796e-01  4.16272381e+03]
 [-4.03514211e+00 -1.27481847e-01 -1.43883384e+01  9.03505320e+03]
 [-2.64268064e-01 -5.05596649e-02  6.10170254e+00 -5.50839239e+01]
 [-2.29234266e-01  3.85305616e-02  1.17144728e+00 -6.61050930e+01]
 [-7.41381532e-01  2.05162456e-01 -5.97061660e+00 -5.09440545e+01]
 [-2.72138066e+00  5.07612682e-01 -1.51709641e+01  3.27313435e+01]
 [-5.07500669e+00  5.75631297e-01 -9.86432483e+00 -3.31453206e+00]
 [-7.98901435e+00  1.70221288e-01  2.38620814e+01 -2.85991889e+02]
 [-9.33260470e+00  1.47185861e-01  3.10946833e+01 -4.31244383e+02]
 [-1.00591932e+01  1.65621065e-01  3.30041582e+01 -4.58426774e+02]
 [-1.00625355e+01  1.66520029e-01  3.31719007e+01 -4.79392827e+02]
 [-9.95149562e+00  1.68306673e-01  3.23819816e+01 -4.47808065e+02]
 [-9.72222481e+00  1.60591850e-01  3.17044697e+01 -4.19520681e+02]
 [ 1.71068345e+01  1.00284360e+01 -8.11742613e+02  3.84837117e+02]
 [-3.28240277e+01  1.27193322e+01 -1.16143783e+03  7.33493541e+02]
 [ 1.27090975e+01  1.30246251e+00 -4.38019355e+02  3.03289013e+02]
 [ 3.74533105e+00  5.47975535e-01 -3.84022250e+02  3.03385449e+02]
 [-1.14233022e+01  3.16579323e-02 -2.96464664e+02  2.88818861e+02]
 [-3.00041449e+01  4.80412548e-01 -5.45055767e+01  1.37932255e+02]
 [-5.25188830e+01  1.09038269e-01  1.43870976e+02  5.06829102e+01]
 [-3.51427814e+01  7.85408524e-02  8.81137330e+01  4.41204390e+01]
 [-2.95818561e+01 -7.25768411e-01  1.30771761e+02  8.42297740e+00]
 [-2.87858124e+01 -8.16938429e-01  1.38377866e+02  1.22670584e+00]
 [-2.78843213e+01 -9.93111804e-01  1.42478717e+02 -9.76082748e-01]
 [-2.40543619e+01 -3.21783888e-01  6.15167828e+01  4.29044018e+01]
 [ 1.02183166e+01 -1.30039829e-01 -6.75227228e+01  4.39870338e+01]
 [ 3.95028021e+01 -3.40325641e-01 -1.52021646e+02  3.26911613e+01]
 [-2.04037040e+01 -9.69678930e-02 -1.22193979e+02  2.04373611e+02]
 [ 6.80893049e+00 -6.65279647e-02 -8.58696416e+01  7.11078238e+01]
 [ 8.08258435e-01  4.34112961e-02 -5.36324667e+01  5.55143990e+01]
 [-2.49580754e-01 -5.97809644e-02 -5.07903191e+01  5.91306608e+01]
 [-2.29060136e+00 -1.85932547e-01 -3.36623575e+01  5.18797123e+01]
 [-3.45798986e+00 -2.03849879e-01 -1.81227896e+01  3.99662503e+01]
 [-3.06085288e+00 -1.84146481e-01 -1.09964766e+01  3.00871540e+01]
 [-2.58327828e+00 -1.04687518e-01 -9.86073712e+00  2.44608883e+01]
 [-2.57618892e+00 -7.21130916e-02 -1.05619568e+01  2.41177741e+01]
 [-2.50378733e+00 -1.09823204e-01 -7.04184154e+00  2.12061178e+01]
 [-1.25865970e+00  3.27049114e-03 -4.03893958e+00  9.52584477e+00]
 [-7.68980333e-01  4.72941883e-02 -1.75449530e+00  3.69346275e+00]
 [-1.04132459e+00  9.35233729e-02  7.12001969e-01  5.41550453e-01]
 [ 1.91358871e-01  7.75586357e-03 -6.90604829e+00  6.96269789e+00]
 [ 7.43932879e-01 -7.99292978e-03 -7.05174793e+00  5.44802181e+00]
 [ 1.38522060e+00 -3.84241098e-02 -1.75599384e+00 -2.09713824e+00]
 [ 1.02235122e+00 -2.20770189e-02 -7.07198574e+00  4.79145815e+00]
 [ 1.15859572e+00 -1.92512622e-02 -8.95112763e+00  6.26401736e+00]
 [ 1.31389227e+00 -1.86403070e-02 -1.00098862e+01  6.81037658e+00]
 [-8.06377861e+00 -7.14503018e-02  4.10379288e+01 -1.10471304e+01]
 [-1.50734179e+00 -4.88489120e-01  2.23764061e+02 -5.07736040e+03]
 [ 6.92689519e-01 -2.76946227e-01  1.34207295e+02 -3.21167017e+03]
 [ 3.33818371e+00 -2.09164646e-02  4.48008146e+01 -1.45062674e+03]
 [ 3.38440057e+00  2.53886686e-02  3.45526157e+01 -1.24879110e+03]
 [ 9.40080294e-01  1.28172239e-01  2.25503637e+01 -8.52316632e+02]
 [ 3.36286714e+00  1.46289596e-01  3.43468629e+01 -1.41521666e+03]
 [ 1.32959703e-01  9.20065354e-04  7.04819752e-01 -1.00767566e+01]
 [ 1.66536221e-01  7.44002972e-04  4.72893552e-01 -6.58328160e+00]
 [ 2.09129165e-01  4.39238662e-04  2.16732706e-01 -3.05831915e+00]
 [ 2.18413197e-01  4.73298971e-04  8.64156121e-02 -4.26109701e-01]
 [ 2.78221455e-01 -2.84991663e-03  1.07327123e-02  5.81768373e-01]
 [ 3.19268870e-01 -5.81702506e-03 -1.14475331e-02  1.28359267e+00]
 [ 2.88655239e-01 -2.83088918e-03 -2.66833289e-02  7.22818178e-01]
 [ 2.88347577e-01 -1.22918997e-03 -5.84058285e-02 -1.96069607e-01]
 [ 3.67755512e-01 -5.42244863e-03 -1.11634796e-01 -2.63100192e-01]
 [ 4.40478075e-01 -2.54024062e-02  2.25878514e+00 -3.70661606e+01]
 [ 5.95618343e-01  7.26541004e-03 -1.74178522e+00  6.23402786e+00]
 [ 5.67286829e-01  7.15345391e-03 -2.01743697e+00  1.45434913e+01]
 [ 5.20200991e-01  9.04050049e-03 -3.51141469e+00  4.94929529e+01]
 [ 3.73933069e-01  4.04064513e-03 -6.31621212e-01  3.05337100e-01]
 [ 2.51390600e-01  9.61353518e-04  8.23265245e-01 -2.03385270e+01]
 [ 2.29833575e-01  5.26634459e-04  3.39118217e-02 -1.61988617e-01]
 [ 2.12121947e-01  9.88403940e-05 -1.19903837e-01  5.19025389e+00]
 [ 1.35378624e-01 -8.69899469e-04 -2.29100324e-02  9.81326971e+00]
 [ 3.18424383e-02 -1.52098357e-03  4.23157603e-02  1.68333820e+01]
 [ 9.47010772e-02 -3.33445511e-04  6.16045955e-01 -2.46085719e+00]
 [-5.45001919e+00  1.03360974e-01  2.19503383e+01 -1.86210701e+02]
 [-5.73436068e+00 -1.20913506e-01  2.50798731e+01 -9.92408983e+00]
 [-6.26890291e+00  2.74864741e-02  1.82793608e+01  4.56715096e+01]
 [-6.19780473e+00  6.28277590e-02  1.92276345e+01 -1.50184222e+01]
 [-5.94041701e+00  7.24191867e-02  1.96887178e+01 -5.27741645e+01]
 [-4.27604014e+00  6.64785365e-02  1.57636443e+01 -7.81282505e+01]
 [-4.65827658e+00  6.48633441e-02  1.77925509e+01 -9.18303901e+01]
 [-3.92149581e+01  1.89088419e-01  1.22962327e+02 -4.98671194e+01]
 [ 6.80811642e-01  2.70663799e-03 -6.82176714e-01  4.48297243e-01]
 [ 4.93935792e-01  1.68365493e-03 -7.76644023e-02  3.45203318e-01]
 [ 4.79729843e-01  9.50711972e-04 -7.66754405e-04  2.67839247e-01]
 [ 4.75033967e-01  2.12515168e-04  4.92086291e-02  1.75842774e-01]
 [ 8.50623221e-01 -6.68520986e-02  1.59938218e+01 -2.21093527e+02]
 [ 6.63828854e-01 -2.13882059e-01  7.93825351e+00  5.17238997e+00]
 [-1.13311300e+00 -2.88642187e-01 -1.87899589e+01  5.46450613e+02]
 [-7.61765859e+00  2.91707566e-02  8.01133105e+01 -9.07817379e+02]
 [-6.82741286e+00  8.75255595e-03  6.73421240e+01 -7.30264568e+02]
 [-3.57219339e+00 -5.45184558e-02  1.34951634e+01  8.23463052e+00]
 [ 6.83530216e-01 -9.00153219e-04 -7.43481508e-02  4.53637930e+00]
 [ 4.05808905e-02  1.44300083e-02  3.84793116e+01 -5.81725253e+02]
 [-1.66000077e+00 -4.78858986e-02  8.25349586e+01 -1.16472634e+03]
 [-2.57826875e+00  1.73725417e-02  6.21212057e+01 -8.41439453e+02]
 [ 6.69700247e-01  1.81391175e-01  4.04301218e+01 -7.36292138e+02]
 [ 5.28327618e-01  2.76232318e-01  2.41793976e+01 -5.29265740e+02]
 [ 6.23666297e-01 -1.03708681e-02  1.13921315e+01 -1.59514423e+02]
 [ 1.01871943e+00 -2.49630678e-04  3.91522865e-02 -1.30072743e+00]
 [ 1.03172889e+00  1.48215728e-04 -1.33692067e-01  6.69360128e-01]
 [ 1.04678780e+00  4.18722865e-05 -1.67304964e-01  6.31162428e-01]
 [ 1.03637309e+00 -1.61704616e-05 -1.28845275e-01  5.01011439e-01]
 [ 1.01612807e+00  4.55053378e-04 -1.39365961e-01  1.24190807e+00]
 [-1.33077657e+00 -2.01053101e-03  5.96723424e+00  6.21813832e+00]
 [-4.02345773e+00 -7.43570234e-02  4.18059433e+00  2.08568227e+02]
 [-7.47950352e+00 -1.08872578e-02  2.45120005e+01 -2.49851542e+01]
 [-1.06072714e+01 -3.05174537e-02  3.22833940e+01 -4.88191568e+00]
 [-7.06689393e+00 -1.47198635e-01  2.74016312e+01 -4.22283740e+00]
 [ 2.22708736e+00 -7.98738868e-01  2.78582504e+01 -4.69494904e+00]
 [ 9.48090172e+00 -3.31628215e-01 -9.24939876e+00  6.09603350e-01]
 [ 9.35884494e+00 -3.33760657e-01 -9.61525795e+00  7.93120670e+00]
 [ 1.92212729e+00 -2.47238359e-01  7.10735419e+00  8.75824660e-01]
 [-7.58550606e+00 -1.27103025e-01  2.85605847e+01 -1.34030422e+01]
 [-2.22544360e+01  1.07926911e-01  5.85445624e+01 -2.61207889e+01]
 [-2.78750860e+01  2.08430010e-01  6.97216466e+01 -3.30219470e+01]]