Pairwise distances between coefficients:
0.0 276.09464439917394 192.49921444689429 186.63656684485542 166.20856051907356 187.34583119196637 321.9276654040609 534.9711430682058 183.98434884238486 221.69410684865161 262.4819995242346 5773.835449567728 181.62124846577058 183.3347280269552 285.0967409709647
276.09464439917394 0.0 156.53805603639373 192.89031984511917 245.0826337803314 112.5647588607493 347.6990580346055 574.9007917344161 118.62860263389291 271.80475378873666 264.4906499305594 5715.437711844579 155.64452576701353 117.45914580576597 82.29259914140691
192.49921444689429 156.53805603639373 0.0 66.62048732296836 172.44848022740945 74.1369844061314 202.67301914257922 465.0093716601398 72.33161655535243 151.23619130747213 162.54152119793358 5723.7255849327 55.43907001986969 66.33847469049194 173.89019005922415
186.63656684485542 192.89031984511917 66.62048732296836 0.0 160.8813823817384 99.87745190730547 189.34031398047983 454.5421342139571 91.67503569120198 135.08915159606394 176.16195960503634 5739.661886383721 56.55110099586334 86.44289431034575 210.23816767837292
166.20856051907356 245.0826337803314 172.44848022740945 160.8813823817384 0.0 154.77248801752958 275.7413991753092 567.9751677000905 131.40715571250183 175.09028272986498 204.87167628320674 5748.6248101820365 141.4849478032645 139.86584611631852 257.3634602988081
187.34583119196637 112.5647588607493 74.1369844061314 99.87745190730547 154.77248801752958 0.0 259.19485025890606 520.8787316330043 40.652177596579655 192.79807407249857 155.16654976691726 5771.551564048008 66.13169987159381 39.01002065694252 117.25434416679485
321.9276654040609 347.6990580346055 202.67301914257922 189.34031398047983 275.7413991753092 259.19485025890606 0.0 437.07218850814473 248.96773976265854 182.27868369859965 266.6634953036614 5734.13894007615 208.8707724499429 246.66071669961698 367.89936374900344
534.9711430682058 574.9007917344161 465.0093716601398 454.5421342139571 567.9751677000905 520.8787316330043 437.07218850814473 0.0 529.5691299804807 441.9883370788042 532.5450051217629 5656.678926212227 485.7515074795814 518.9660858892995 594.0068943093016
183.98434884238486 118.62860263389291 72.33161655535243 91.67503569120198 131.40715571250183 40.652177596579655 248.96773976265854 529.5691299804807 0.0 179.3795485185331 161.29441186487668 5746.496484976697 57.262789080324936 19.5898160414713 132.66458840150304
221.69410684865161 271.80475378873666 151.23619130747213 135.08915159606394 175.09028272986498 192.79807407249857 182.27868369859965 441.9883370788042 179.3795485185331 0.0 192.01279737075285 5707.7258519819425 144.64596958938986 177.91616788073952 297.65847616415306
262.4819995242346 264.4906499305594 162.54152119793358 176.16195960503634 204.87167628320674 155.16654976691726 266.6634953036614 532.5450051217629 161.29441186487668 192.01279737075285 0.0 5826.205708237839 142.59154028784775 162.88909677217356 242.40784957526526
5773.835449567728 5715.437711844579 5723.7255849327 5739.661886383721 5748.6248101820365 5771.551564048008 5734.13894007615 5656.678926212227 5746.496484976697 5707.7258519819425 5826.205708237839 0.0 5744.4186310061295 5741.927229098061 5767.36263276378
181.62124846577058 155.64452576701353 55.43907001986969 56.55110099586334 141.4849478032645 66.13169987159381 208.8707724499429 485.7515074795814 57.262789080324936 144.64596958938986 142.59154028784775 5744.4186310061295 0.0 53.2014676432567 175.3922798146032
183.3347280269552 117.45914580576597 66.33847469049194 86.44289431034575 139.86584611631852 39.01002065694252 246.66071669961698 518.9660858892995 19.5898160414713 177.91616788073952 162.88909677217356 5741.927229098061 53.2014676432567 0.0 137.48142177876676
285.0967409709647 82.29259914140691 173.89019005922415 210.23816767837292 257.3634602988081 117.25434416679485 367.89936374900344 594.0068943093016 132.66458840150304 297.65847616415306 242.40784957526526 5767.36263276378 175.3922798146032 137.48142177876676 0.0
