Coeffficients groups ebeta reshaped:
[[-3.18507657e+01  2.25761367e+00 -1.34149064e+01  1.12652664e+02]
 [-3.13302534e+01  2.22998776e+00 -1.42437353e+01  1.10796824e+02]
 [-3.10328244e+01  2.20023888e+00 -1.39937620e+01  1.08946934e+02]
 [-3.08025132e+01  2.16441062e+00 -1.30368230e+01  1.06971432e+02]
 [-3.05181940e+01  2.12852086e+00 -1.20305043e+01  1.04776328e+02]
 [-3.04606457e+01  2.10822966e+00 -1.08198514e+01  1.02459141e+02]
 [-3.03190843e+01  2.09887825e+00 -1.03429537e+01  9.98604730e+01]
 [-2.94206840e+01  2.07506599e+00 -1.15221733e+01  9.65377247e+01]
 [-2.71925421e+01  2.03999903e+00 -1.63350708e+01  9.33981399e+01]
 [-2.45492111e+01  2.01125360e+00 -2.26950061e+01  9.09177537e+01]
 [-2.17271653e+01  1.99898311e+00 -3.03397657e+01  8.91250615e+01]
 [-1.85696405e+01  2.00621790e+00 -3.99744882e+01  8.77532203e+01]
 [-1.55523673e+01  2.02326743e+00 -4.96960436e+01  8.65936287e+01]
 [-1.27206226e+01  2.04746172e+00 -5.92628915e+01  8.56029488e+01]
 [-1.01484903e+01  2.07126860e+00 -6.84007056e+01  8.49043108e+01]
 [-7.94960115e+00  2.09830286e+00 -7.68710775e+01  8.45233513e+01]
 [-6.05437704e+00  2.12561206e+00 -8.45974354e+01  8.45359909e+01]
 [-4.49411711e+00  2.14863975e+00 -9.11945004e+01  8.47138354e+01]
 [-3.23018766e+00  2.17207759e+00 -9.67516929e+01  8.48087936e+01]
 [-2.46739573e+00  2.20054757e+00 -1.00725129e+02  8.47742841e+01]
 [-1.62389332e+00  2.21713792e+00 -1.04174826e+02  8.42661584e+01]
 [-6.89937672e-02  2.20831305e+00 -1.08382583e+02  8.29486014e+01]
 [ 2.18806708e+00  2.19022459e+00 -1.14078932e+02  8.13058905e+01]
 [ 4.85955418e+00  2.16731100e+00 -1.20589705e+02  7.94745399e+01]
 [ 7.52890323e+00  2.14892391e+00 -1.27067358e+02  7.74737060e+01]
 [ 9.76157076e+00  2.12293452e+00 -1.32146717e+02  7.55891692e+01]
 [ 1.10520197e+01  2.10603564e+00 -1.35177422e+02  7.44717631e+01]
 [ 1.14694601e+01  2.09664323e+00 -1.36219165e+02  7.41387973e+01]
 [ 1.14516148e+01  2.08944773e+00 -1.36308454e+02  7.43406884e+01]
 [ 1.13259771e+01  2.08819319e+00 -1.36548882e+02  7.50419192e+01]
 [ 1.10447161e+01  2.09237628e+00 -1.36742455e+02  7.62360069e+01]
 [ 1.04641815e+01  2.10179106e+00 -1.36488070e+02  7.78280978e+01]
 [ 9.40400013e+00  2.11995009e+00 -1.35357669e+02  7.98518222e+01]
 [ 7.80810950e+00  2.14236566e+00 -1.32970317e+02  8.23591830e+01]
 [-3.18507657e+01  2.25761367e+00 -1.34149064e+01  1.12652664e+02]
 [-3.13302534e+01  2.22998776e+00 -1.42437353e+01  1.10796824e+02]
 [-3.10328244e+01  2.20023888e+00 -1.39937620e+01  1.08946934e+02]
 [-3.08025132e+01  2.16441062e+00 -1.30368230e+01  1.06971432e+02]
 [-3.05181940e+01  2.12852086e+00 -1.20305043e+01  1.04776328e+02]
 [-3.04606457e+01  2.10822966e+00 -1.08198514e+01  1.02459141e+02]
 [-3.03190843e+01  2.09887825e+00 -1.03429537e+01  9.98604730e+01]
 [-2.94206840e+01  2.07506599e+00 -1.15221733e+01  9.65377247e+01]
 [-2.71925421e+01  2.03999903e+00 -1.63350708e+01  9.33981399e+01]
 [-2.45492111e+01  2.01125360e+00 -2.26950061e+01  9.09177537e+01]
 [-2.17271653e+01  1.99898311e+00 -3.03397657e+01  8.91250615e+01]
 [-1.85696405e+01  2.00621790e+00 -3.99744882e+01  8.77532203e+01]
 [-1.55523673e+01  2.02326743e+00 -4.96960436e+01  8.65936287e+01]
 [-1.27206226e+01  2.04746172e+00 -5.92628915e+01  8.56029488e+01]
 [-1.01484903e+01  2.07126860e+00 -6.84007056e+01  8.49043108e+01]
 [-7.94960115e+00  2.09830286e+00 -7.68710775e+01  8.45233513e+01]
 [-6.05437704e+00  2.12561206e+00 -8.45974354e+01  8.45359909e+01]
 [-4.49411711e+00  2.14863975e+00 -9.11945004e+01  8.47138354e+01]
 [-3.23018766e+00  2.17207759e+00 -9.67516929e+01  8.48087936e+01]
 [-2.46739573e+00  2.20054757e+00 -1.00725129e+02  8.47742841e+01]
 [-1.62389332e+00  2.21713792e+00 -1.04174826e+02  8.42661584e+01]
 [-6.89937672e-02  2.20831305e+00 -1.08382583e+02  8.29486014e+01]
 [ 2.18806708e+00  2.19022459e+00 -1.14078932e+02  8.13058905e+01]
 [ 4.85955418e+00  2.16731100e+00 -1.20589705e+02  7.94745399e+01]
 [ 7.52890323e+00  2.14892391e+00 -1.27067358e+02  7.74737060e+01]
 [ 9.76157076e+00  2.12293452e+00 -1.32146717e+02  7.55891692e+01]
 [ 1.10520197e+01  2.10603564e+00 -1.35177422e+02  7.44717631e+01]
 [ 1.14694601e+01  2.09664323e+00 -1.36219165e+02  7.41387973e+01]
 [ 1.14516148e+01  2.08944773e+00 -1.36308454e+02  7.43406884e+01]
 [ 1.13259771e+01  2.08819319e+00 -1.36548882e+02  7.50419192e+01]
 [ 1.10447161e+01  2.09237628e+00 -1.36742455e+02  7.62360069e+01]
 [ 1.04641815e+01  2.10179106e+00 -1.36488070e+02  7.78280978e+01]
 [ 9.40400013e+00  2.11995009e+00 -1.35357669e+02  7.98518222e+01]
 [ 7.80810950e+00  2.14236566e+00 -1.32970317e+02  8.23591830e+01]
 [-3.18507657e+01  2.25761367e+00 -1.34149064e+01  1.12652664e+02]
 [-3.13302534e+01  2.22998776e+00 -1.42437353e+01  1.10796824e+02]
 [-3.10328244e+01  2.20023888e+00 -1.39937620e+01  1.08946934e+02]
 [-3.08025132e+01  2.16441062e+00 -1.30368230e+01  1.06971432e+02]
 [-3.05181940e+01  2.12852086e+00 -1.20305043e+01  1.04776328e+02]
 [-3.04606457e+01  2.10822966e+00 -1.08198514e+01  1.02459141e+02]
 [-3.03190843e+01  2.09887825e+00 -1.03429537e+01  9.98604730e+01]
 [-2.94206840e+01  2.07506599e+00 -1.15221733e+01  9.65377247e+01]
 [-2.71925421e+01  2.03999903e+00 -1.63350708e+01  9.33981399e+01]
 [-2.45492111e+01  2.01125360e+00 -2.26950061e+01  9.09177537e+01]
 [-2.17271653e+01  1.99898311e+00 -3.03397657e+01  8.91250615e+01]
 [-1.85696405e+01  2.00621790e+00 -3.99744882e+01  8.77532203e+01]
 [-1.55523673e+01  2.02326743e+00 -4.96960436e+01  8.65936287e+01]
 [-1.27206226e+01  2.04746172e+00 -5.92628915e+01  8.56029488e+01]
 [-1.01484903e+01  2.07126860e+00 -6.84007056e+01  8.49043108e+01]
 [-7.94960115e+00  2.09830286e+00 -7.68710775e+01  8.45233513e+01]
 [-6.05437704e+00  2.12561206e+00 -8.45974354e+01  8.45359909e+01]
 [-4.49411711e+00  2.14863975e+00 -9.11945004e+01  8.47138354e+01]
 [-3.23018766e+00  2.17207759e+00 -9.67516929e+01  8.48087936e+01]
 [-2.46739573e+00  2.20054757e+00 -1.00725129e+02  8.47742841e+01]
 [-1.62389332e+00  2.21713792e+00 -1.04174826e+02  8.42661584e+01]
 [-6.89937672e-02  2.20831305e+00 -1.08382583e+02  8.29486014e+01]
 [ 2.18806708e+00  2.19022459e+00 -1.14078932e+02  8.13058905e+01]
 [ 4.85955418e+00  2.16731100e+00 -1.20589705e+02  7.94745399e+01]
 [ 7.52890323e+00  2.14892391e+00 -1.27067358e+02  7.74737060e+01]
 [ 9.76157076e+00  2.12293452e+00 -1.32146717e+02  7.55891692e+01]
 [ 1.10520197e+01  2.10603564e+00 -1.35177422e+02  7.44717631e+01]
 [ 1.14694601e+01  2.09664323e+00 -1.36219165e+02  7.41387973e+01]
 [ 1.14516148e+01  2.08944773e+00 -1.36308454e+02  7.43406884e+01]
 [ 1.13259771e+01  2.08819319e+00 -1.36548882e+02  7.50419192e+01]
 [ 1.10447161e+01  2.09237628e+00 -1.36742455e+02  7.62360069e+01]
 [ 1.04641815e+01  2.10179106e+00 -1.36488070e+02  7.78280978e+01]
 [ 9.40400013e+00  2.11995009e+00 -1.35357669e+02  7.98518222e+01]
 [ 7.80810950e+00  2.14236566e+00 -1.32970317e+02  8.23591830e+01]
 [-3.18507657e+01  2.25761367e+00 -1.34149064e+01  1.12652664e+02]
 [-3.13302534e+01  2.22998776e+00 -1.42437353e+01  1.10796824e+02]
 [-3.10328244e+01  2.20023888e+00 -1.39937620e+01  1.08946934e+02]
 [-3.08025132e+01  2.16441062e+00 -1.30368230e+01  1.06971432e+02]
 [-3.05181940e+01  2.12852086e+00 -1.20305043e+01  1.04776328e+02]
 [-3.04606457e+01  2.10822966e+00 -1.08198514e+01  1.02459141e+02]
 [-3.03190843e+01  2.09887825e+00 -1.03429537e+01  9.98604730e+01]
 [-2.94206840e+01  2.07506599e+00 -1.15221733e+01  9.65377247e+01]
 [-2.71925421e+01  2.03999903e+00 -1.63350708e+01  9.33981399e+01]
 [-2.45492111e+01  2.01125360e+00 -2.26950061e+01  9.09177537e+01]
 [-2.17271653e+01  1.99898311e+00 -3.03397657e+01  8.91250615e+01]
 [-1.85696405e+01  2.00621790e+00 -3.99744882e+01  8.77532203e+01]
 [-1.55523673e+01  2.02326743e+00 -4.96960436e+01  8.65936287e+01]
 [-1.27206226e+01  2.04746172e+00 -5.92628915e+01  8.56029488e+01]
 [-1.01484903e+01  2.07126860e+00 -6.84007056e+01  8.49043108e+01]
 [-7.94960115e+00  2.09830286e+00 -7.68710775e+01  8.45233513e+01]
 [-6.05437704e+00  2.12561206e+00 -8.45974354e+01  8.45359909e+01]
 [-4.49411711e+00  2.14863975e+00 -9.11945004e+01  8.47138354e+01]
 [-3.23018766e+00  2.17207759e+00 -9.67516929e+01  8.48087936e+01]
 [-2.46739573e+00  2.20054757e+00 -1.00725129e+02  8.47742841e+01]
 [-1.62389332e+00  2.21713792e+00 -1.04174826e+02  8.42661584e+01]
 [-6.89937672e-02  2.20831305e+00 -1.08382583e+02  8.29486014e+01]
 [ 2.18806708e+00  2.19022459e+00 -1.14078932e+02  8.13058905e+01]
 [ 4.85955418e+00  2.16731100e+00 -1.20589705e+02  7.94745399e+01]
 [ 7.52890323e+00  2.14892391e+00 -1.27067358e+02  7.74737060e+01]
 [ 9.76157076e+00  2.12293452e+00 -1.32146717e+02  7.55891692e+01]
 [ 1.10520197e+01  2.10603564e+00 -1.35177422e+02  7.44717631e+01]
 [ 1.14694601e+01  2.09664323e+00 -1.36219165e+02  7.41387973e+01]
 [ 1.14516148e+01  2.08944773e+00 -1.36308454e+02  7.43406884e+01]
 [ 1.13259771e+01  2.08819319e+00 -1.36548882e+02  7.50419192e+01]
 [ 1.10447161e+01  2.09237628e+00 -1.36742455e+02  7.62360069e+01]
 [ 1.04641815e+01  2.10179106e+00 -1.36488070e+02  7.78280978e+01]
 [ 9.40400013e+00  2.11995009e+00 -1.35357669e+02  7.98518222e+01]
 [ 7.80810950e+00  2.14236566e+00 -1.32970317e+02  8.23591830e+01]
 [-3.18507657e+01  2.25761367e+00 -1.34149064e+01  1.12652664e+02]
 [-3.13302534e+01  2.22998776e+00 -1.42437353e+01  1.10796824e+02]
 [-3.10328244e+01  2.20023888e+00 -1.39937620e+01  1.08946934e+02]
 [-3.08025132e+01  2.16441062e+00 -1.30368230e+01  1.06971432e+02]
 [-3.05181940e+01  2.12852086e+00 -1.20305043e+01  1.04776328e+02]
 [-3.04606457e+01  2.10822966e+00 -1.08198514e+01  1.02459141e+02]
 [-3.03190843e+01  2.09887825e+00 -1.03429537e+01  9.98604730e+01]
 [-2.94206840e+01  2.07506599e+00 -1.15221733e+01  9.65377247e+01]
 [-2.71925421e+01  2.03999903e+00 -1.63350708e+01  9.33981399e+01]
 [-2.45492111e+01  2.01125360e+00 -2.26950061e+01  9.09177537e+01]
 [-2.17271653e+01  1.99898311e+00 -3.03397657e+01  8.91250615e+01]
 [-1.85696405e+01  2.00621790e+00 -3.99744882e+01  8.77532203e+01]
 [-1.55523673e+01  2.02326743e+00 -4.96960436e+01  8.65936287e+01]
 [-1.27206226e+01  2.04746172e+00 -5.92628915e+01  8.56029488e+01]
 [-1.01484903e+01  2.07126860e+00 -6.84007056e+01  8.49043108e+01]
 [-7.94960115e+00  2.09830286e+00 -7.68710775e+01  8.45233513e+01]
 [-6.05437704e+00  2.12561206e+00 -8.45974354e+01  8.45359909e+01]
 [-4.49411711e+00  2.14863975e+00 -9.11945004e+01  8.47138354e+01]
 [-3.23018766e+00  2.17207759e+00 -9.67516929e+01  8.48087936e+01]
 [-2.46739573e+00  2.20054757e+00 -1.00725129e+02  8.47742841e+01]
 [-1.62389332e+00  2.21713792e+00 -1.04174826e+02  8.42661584e+01]
 [-6.89937672e-02  2.20831305e+00 -1.08382583e+02  8.29486014e+01]
 [ 2.18806708e+00  2.19022459e+00 -1.14078932e+02  8.13058905e+01]
 [ 4.85955418e+00  2.16731100e+00 -1.20589705e+02  7.94745399e+01]
 [ 7.52890323e+00  2.14892391e+00 -1.27067358e+02  7.74737060e+01]
 [ 9.76157076e+00  2.12293452e+00 -1.32146717e+02  7.55891692e+01]
 [ 1.10520197e+01  2.10603564e+00 -1.35177422e+02  7.44717631e+01]
 [ 1.14694601e+01  2.09664323e+00 -1.36219165e+02  7.41387973e+01]
 [ 1.14516148e+01  2.08944773e+00 -1.36308454e+02  7.43406884e+01]
 [ 1.13259771e+01  2.08819319e+00 -1.36548882e+02  7.50419192e+01]
 [ 1.10447161e+01  2.09237628e+00 -1.36742455e+02  7.62360069e+01]
 [ 1.04641815e+01  2.10179106e+00 -1.36488070e+02  7.78280978e+01]
 [ 9.40400013e+00  2.11995009e+00 -1.35357669e+02  7.98518222e+01]
 [ 7.80810950e+00  2.14236566e+00 -1.32970317e+02  8.23591830e+01]
 [-3.18507657e+01  2.25761367e+00 -1.34149064e+01  1.12652664e+02]
 [-3.13302534e+01  2.22998776e+00 -1.42437353e+01  1.10796824e+02]
 [-3.10328244e+01  2.20023888e+00 -1.39937620e+01  1.08946934e+02]
 [-3.08025132e+01  2.16441062e+00 -1.30368230e+01  1.06971432e+02]
 [-3.05181940e+01  2.12852086e+00 -1.20305043e+01  1.04776328e+02]
 [-3.04606457e+01  2.10822966e+00 -1.08198514e+01  1.02459141e+02]
 [-3.03190843e+01  2.09887825e+00 -1.03429537e+01  9.98604730e+01]
 [-2.94206840e+01  2.07506599e+00 -1.15221733e+01  9.65377247e+01]
 [-2.71925421e+01  2.03999903e+00 -1.63350708e+01  9.33981399e+01]
 [-2.45492111e+01  2.01125360e+00 -2.26950061e+01  9.09177537e+01]
 [-2.17271653e+01  1.99898311e+00 -3.03397657e+01  8.91250615e+01]
 [-1.85696405e+01  2.00621790e+00 -3.99744882e+01  8.77532203e+01]
 [-1.55523673e+01  2.02326743e+00 -4.96960436e+01  8.65936287e+01]
 [-1.27206226e+01  2.04746172e+00 -5.92628915e+01  8.56029488e+01]
 [-1.01484903e+01  2.07126860e+00 -6.84007056e+01  8.49043108e+01]
 [-7.94960115e+00  2.09830286e+00 -7.68710775e+01  8.45233513e+01]
 [-6.05437704e+00  2.12561206e+00 -8.45974354e+01  8.45359909e+01]
 [-4.49411711e+00  2.14863975e+00 -9.11945004e+01  8.47138354e+01]
 [-3.23018766e+00  2.17207759e+00 -9.67516929e+01  8.48087936e+01]
 [-2.46739573e+00  2.20054757e+00 -1.00725129e+02  8.47742841e+01]
 [-1.62389332e+00  2.21713792e+00 -1.04174826e+02  8.42661584e+01]
 [-6.89937672e-02  2.20831305e+00 -1.08382583e+02  8.29486014e+01]
 [ 2.18806708e+00  2.19022459e+00 -1.14078932e+02  8.13058905e+01]
 [ 4.85955418e+00  2.16731100e+00 -1.20589705e+02  7.94745399e+01]
 [ 7.52890323e+00  2.14892391e+00 -1.27067358e+02  7.74737060e+01]
 [ 9.76157076e+00  2.12293452e+00 -1.32146717e+02  7.55891692e+01]
 [ 1.10520197e+01  2.10603564e+00 -1.35177422e+02  7.44717631e+01]
 [ 1.14694601e+01  2.09664323e+00 -1.36219165e+02  7.41387973e+01]
 [ 1.14516148e+01  2.08944773e+00 -1.36308454e+02  7.43406884e+01]
 [ 1.13259771e+01  2.08819319e+00 -1.36548882e+02  7.50419192e+01]
 [ 1.10447161e+01  2.09237628e+00 -1.36742455e+02  7.62360069e+01]
 [ 1.04641815e+01  2.10179106e+00 -1.36488070e+02  7.78280978e+01]
 [ 9.40400013e+00  2.11995009e+00 -1.35357669e+02  7.98518222e+01]
 [ 7.80810950e+00  2.14236566e+00 -1.32970317e+02  8.23591830e+01]
 [ 6.02343417e+01 -1.61110493e+00 -2.58529893e+02  2.24768941e+02]
 [ 6.74923514e+01 -1.46623091e+00 -2.76200015e+02  2.16521465e+02]
 [ 7.22349308e+01 -1.34221233e+00 -2.89432554e+02  2.11372262e+02]
 [ 7.50437711e+01 -1.24417426e+00 -2.97950569e+02  2.07985431e+02]
 [ 7.63989272e+01 -1.12915466e+00 -3.05723376e+02  2.07306104e+02]
 [ 7.53375644e+01 -9.78989215e-01 -3.11659648e+02  2.10199196e+02]
 [ 6.72082556e+01 -7.54754341e-01 -3.08995649e+02  2.21386331e+02]
 [ 4.21198845e+01 -2.80229227e-01 -2.89080099e+02  2.52711280e+02]
 [ 1.61797990e+01  1.26078523e-01 -2.63239777e+02  2.82844675e+02]
 [-6.82119024e+00  9.40933752e-02 -2.26836566e+02  3.09282966e+02]
 [-1.36943429e+01  5.09623481e-02 -2.14688170e+02  3.17038644e+02]
 [-1.06303584e+01  1.27343709e-02 -2.18221075e+02  3.13839303e+02]
 [-7.47632479e+00  9.03209533e-02 -2.23997069e+02  3.08552481e+02]
 [-7.05122353e+00  2.06213919e-01 -2.25832255e+02  3.05046555e+02]
 [-1.17388389e+01  3.02773450e-01 -2.18902595e+02  3.06861067e+02]
 [-1.74484502e+01  2.49995816e-01 -2.07748324e+02  3.12417935e+02]
 [-2.12044335e+01  2.16834570e-01 -2.00396760e+02  3.15876215e+02]
 [-2.72313507e+01  4.78528046e-01 -1.93439229e+02  3.15444271e+02]
 [-2.55233985e+01  7.16300868e-01 -2.00282223e+02  3.09239333e+02]
 [-1.41162659e+01  5.83874016e-01 -2.18603733e+02  3.01787014e+02]
 [ 2.43004891e+00  1.62821804e-01 -2.41066312e+02  2.94768425e+02]
 [ 2.24451511e+01 -3.69983518e-01 -2.67845984e+02  2.86226453e+02]
 [ 4.54131914e+01 -8.70717282e-01 -2.99677523e+02  2.73333415e+02]
 [ 7.47046542e+01 -1.25580361e+00 -3.42452179e+02  2.49677398e+02]
 [ 1.02848570e+02 -1.55505611e+00 -3.83148961e+02  2.23725272e+02]
 [ 1.21656863e+02 -1.05085024e+00 -4.17131075e+02  1.88278044e+02]
 [ 1.34207314e+02 -3.88169962e-01 -4.41508322e+02  1.54884029e+02]
 [ 1.49002357e+02 -1.50922408e-01 -4.63813678e+02  1.28176321e+02]
 [ 1.61665576e+02 -6.22452254e-02 -4.81253825e+02  1.07053586e+02]
 [ 1.73088683e+02 -1.39272889e-01 -4.95294587e+02  9.12938701e+01]
 [ 1.82950036e+02 -3.28928297e-01 -5.05847697e+02  8.01866074e+01]
 [ 1.80643391e+02 -5.32105732e-01 -4.96330492e+02  8.51608545e+01]
 [ 1.76945963e+02 -8.29636614e-01 -4.82623477e+02  9.35850112e+01]
 [ 1.73836307e+02 -1.27028749e+00 -4.67049372e+02  1.03627697e+02]
 [ 1.52592995e+02  1.27145872e-01  1.54721534e+02 -6.04000717e+02]
 [ 1.68946699e+02 -1.78011992e-02  2.16707554e+02 -6.92403365e+02]
 [ 1.71067169e+02 -2.18710602e-01  2.06367212e+02 -6.90376141e+02]
 [ 8.25534520e+01  1.89251043e+00 -7.54578961e+01 -2.64398993e+02]
 [ 2.09644179e+01  3.97271089e+00 -2.24762037e+02 -3.97805744e+00]
 [-4.06754238e+00  5.19917943e+00 -2.67123965e+02  8.57789923e+01]
 [ 2.20872447e+01  2.08084033e+00 -4.01121463e+02  1.27631602e+02]
 [ 4.01501932e+01  4.68240951e-01 -5.35673370e+02  1.75271956e+02]
 [ 5.76882625e+01 -1.75105003e-01 -7.05484859e+02  2.33862508e+02]
 [ 9.01871729e+01  1.73739905e-02 -9.90738189e+02  3.05130234e+02]
 [ 1.58480700e+02  2.71884195e+00 -1.60863361e+03  4.35204287e+02]
 [ 1.74134506e+02  4.92725431e+00 -1.86382655e+03  5.21164953e+02]
 [ 7.93562462e+01  4.45147658e+00 -1.32290985e+03  5.06069699e+02]
 [ 1.95277360e+01  2.43763438e+00 -9.86658655e+02  5.35670668e+02]
 [-4.09625255e+01 -1.26532584e+00 -7.62632107e+02  6.95337056e+02]
 [-1.16341905e+02 -2.84496777e-01 -1.02491530e+03  1.21042000e+03]
 [-1.06341463e+02  5.52990988e-01 -1.06907413e+03  1.18394867e+03]
 [-7.38093486e+01  2.33989765e+00 -8.60077260e+02  8.25461026e+02]
 [-3.67209403e+01  3.17394019e+00 -5.15054122e+02  3.53864352e+02]
 [-9.37423856e+00  1.08561885e+00 -2.07193210e+02  2.47021299e+01]
 [-1.07612675e+01  4.76088208e-01 -2.62546280e+02  9.37315367e+01]
 [-9.86512409e+00  2.25235420e-01 -2.87592213e+02  1.18845550e+02]
 [-9.91555722e+00  3.42480687e-01 -3.16073907e+02  1.41743673e+02]
 [-9.87646367e+00  1.07053264e+00 -3.36904817e+02  1.42413261e+02]
 [-1.22213751e+01  2.74655454e+00 -3.44135194e+02  1.15988544e+02]
 [-9.48510330e+00  4.75700968e+00 -3.51578383e+02  6.29613195e+01]
 [-1.24186139e+01  6.19107801e+00 -3.26454482e+02  1.32763881e+01]
 [-6.45591361e+01  4.74695238e+00 -1.07183808e+02  2.75949420e+01]
 [-1.28048556e+02  3.30694852e+00  1.81803618e+02  1.68672588e+01]
 [-1.38685892e+02  2.70787309e+00  2.58452271e+02 -4.59096498e+00]
 [-1.46165817e+02  1.58976034e+00  3.00400226e+02  8.58804796e+00]
 [-1.39365984e+02  1.39914920e+00  2.84575084e+02  2.35356720e+00]
 [-1.04949763e+02  1.31807055e+00  2.10243411e+02 -5.45725329e+01]
 [-7.58081528e+01 -3.43834574e-01  9.93947198e+01 -1.97348624e+01]
 [-3.18507657e+01  2.25761367e+00 -1.34149064e+01  1.12652664e+02]
 [-3.13302534e+01  2.22998776e+00 -1.42437353e+01  1.10796824e+02]
 [-3.10328244e+01  2.20023888e+00 -1.39937620e+01  1.08946934e+02]
 [-3.08025132e+01  2.16441062e+00 -1.30368230e+01  1.06971432e+02]
 [-3.05181940e+01  2.12852086e+00 -1.20305043e+01  1.04776328e+02]
 [-3.04606457e+01  2.10822966e+00 -1.08198514e+01  1.02459141e+02]
 [-3.03190843e+01  2.09887825e+00 -1.03429537e+01  9.98604730e+01]
 [-2.94206840e+01  2.07506599e+00 -1.15221733e+01  9.65377247e+01]
 [-2.71925421e+01  2.03999903e+00 -1.63350708e+01  9.33981399e+01]
 [-2.45492111e+01  2.01125360e+00 -2.26950061e+01  9.09177537e+01]
 [-2.17271653e+01  1.99898311e+00 -3.03397657e+01  8.91250615e+01]
 [-1.85696405e+01  2.00621790e+00 -3.99744882e+01  8.77532203e+01]
 [-1.55523673e+01  2.02326743e+00 -4.96960436e+01  8.65936287e+01]
 [-1.27206226e+01  2.04746172e+00 -5.92628915e+01  8.56029488e+01]
 [-1.01484903e+01  2.07126860e+00 -6.84007056e+01  8.49043108e+01]
 [-7.94960115e+00  2.09830286e+00 -7.68710775e+01  8.45233513e+01]
 [-6.05437704e+00  2.12561206e+00 -8.45974354e+01  8.45359909e+01]
 [-4.49411711e+00  2.14863975e+00 -9.11945004e+01  8.47138354e+01]
 [-3.23018766e+00  2.17207759e+00 -9.67516929e+01  8.48087936e+01]
 [-2.46739573e+00  2.20054757e+00 -1.00725129e+02  8.47742841e+01]
 [-1.62389332e+00  2.21713792e+00 -1.04174826e+02  8.42661584e+01]
 [-6.89937672e-02  2.20831305e+00 -1.08382583e+02  8.29486014e+01]
 [ 2.18806708e+00  2.19022459e+00 -1.14078932e+02  8.13058905e+01]
 [ 4.85955418e+00  2.16731100e+00 -1.20589705e+02  7.94745399e+01]
 [ 7.52890323e+00  2.14892391e+00 -1.27067358e+02  7.74737060e+01]
 [ 9.76157076e+00  2.12293452e+00 -1.32146717e+02  7.55891692e+01]
 [ 1.10520197e+01  2.10603564e+00 -1.35177422e+02  7.44717631e+01]
 [ 1.14694601e+01  2.09664323e+00 -1.36219165e+02  7.41387973e+01]
 [ 1.14516148e+01  2.08944773e+00 -1.36308454e+02  7.43406884e+01]
 [ 1.13259771e+01  2.08819319e+00 -1.36548882e+02  7.50419192e+01]
 [ 1.10447161e+01  2.09237628e+00 -1.36742455e+02  7.62360069e+01]
 [ 1.04641815e+01  2.10179106e+00 -1.36488070e+02  7.78280978e+01]
 [ 9.40400013e+00  2.11995009e+00 -1.35357669e+02  7.98518222e+01]
 [ 7.80810950e+00  2.14236566e+00 -1.32970317e+02  8.23591830e+01]
 [ 6.02343417e+01 -1.61110493e+00 -2.58529893e+02  2.24768941e+02]
 [ 6.74923514e+01 -1.46623091e+00 -2.76200015e+02  2.16521465e+02]
 [ 7.22349308e+01 -1.34221233e+00 -2.89432554e+02  2.11372262e+02]
 [ 7.50437711e+01 -1.24417426e+00 -2.97950569e+02  2.07985431e+02]
 [ 7.63989272e+01 -1.12915466e+00 -3.05723376e+02  2.07306104e+02]
 [ 7.53375644e+01 -9.78989215e-01 -3.11659648e+02  2.10199196e+02]
 [ 6.72082556e+01 -7.54754341e-01 -3.08995649e+02  2.21386331e+02]
 [ 4.21198845e+01 -2.80229227e-01 -2.89080099e+02  2.52711280e+02]
 [ 1.61797990e+01  1.26078523e-01 -2.63239777e+02  2.82844675e+02]
 [-6.82119024e+00  9.40933752e-02 -2.26836566e+02  3.09282966e+02]
 [-1.36943429e+01  5.09623481e-02 -2.14688170e+02  3.17038644e+02]
 [-1.06303584e+01  1.27343709e-02 -2.18221075e+02  3.13839303e+02]
 [-7.47632479e+00  9.03209533e-02 -2.23997069e+02  3.08552481e+02]
 [-7.05122353e+00  2.06213919e-01 -2.25832255e+02  3.05046555e+02]
 [-1.17388389e+01  3.02773450e-01 -2.18902595e+02  3.06861067e+02]
 [-1.74484502e+01  2.49995816e-01 -2.07748324e+02  3.12417935e+02]
 [-2.12044335e+01  2.16834570e-01 -2.00396760e+02  3.15876215e+02]
 [-2.72313507e+01  4.78528046e-01 -1.93439229e+02  3.15444271e+02]
 [-2.55233985e+01  7.16300868e-01 -2.00282223e+02  3.09239333e+02]
 [-1.41162659e+01  5.83874016e-01 -2.18603733e+02  3.01787014e+02]
 [ 2.43004891e+00  1.62821804e-01 -2.41066312e+02  2.94768425e+02]
 [ 2.24451511e+01 -3.69983518e-01 -2.67845984e+02  2.86226453e+02]
 [ 4.54131914e+01 -8.70717282e-01 -2.99677523e+02  2.73333415e+02]
 [ 7.47046542e+01 -1.25580361e+00 -3.42452179e+02  2.49677398e+02]
 [ 1.02848570e+02 -1.55505611e+00 -3.83148961e+02  2.23725272e+02]
 [ 1.21656863e+02 -1.05085024e+00 -4.17131075e+02  1.88278044e+02]
 [ 1.34207314e+02 -3.88169962e-01 -4.41508322e+02  1.54884029e+02]
 [ 1.49002357e+02 -1.50922408e-01 -4.63813678e+02  1.28176321e+02]
 [ 1.61665576e+02 -6.22452254e-02 -4.81253825e+02  1.07053586e+02]
 [ 1.73088683e+02 -1.39272889e-01 -4.95294587e+02  9.12938701e+01]
 [ 1.82950036e+02 -3.28928297e-01 -5.05847697e+02  8.01866074e+01]
 [ 1.80643391e+02 -5.32105732e-01 -4.96330492e+02  8.51608545e+01]
 [ 1.76945963e+02 -8.29636614e-01 -4.82623477e+02  9.35850112e+01]
 [ 1.73836307e+02 -1.27028749e+00 -4.67049372e+02  1.03627697e+02]
 [-3.18507657e+01  2.25761367e+00 -1.34149064e+01  1.12652664e+02]
 [-3.13302534e+01  2.22998776e+00 -1.42437353e+01  1.10796824e+02]
 [-3.10328244e+01  2.20023888e+00 -1.39937620e+01  1.08946934e+02]
 [-3.08025132e+01  2.16441062e+00 -1.30368230e+01  1.06971432e+02]
 [-3.05181940e+01  2.12852086e+00 -1.20305043e+01  1.04776328e+02]
 [-3.04606457e+01  2.10822966e+00 -1.08198514e+01  1.02459141e+02]
 [-3.03190843e+01  2.09887825e+00 -1.03429537e+01  9.98604730e+01]
 [-2.94206840e+01  2.07506599e+00 -1.15221733e+01  9.65377247e+01]
 [-2.71925421e+01  2.03999903e+00 -1.63350708e+01  9.33981399e+01]
 [-2.45492111e+01  2.01125360e+00 -2.26950061e+01  9.09177537e+01]
 [-2.17271653e+01  1.99898311e+00 -3.03397657e+01  8.91250615e+01]
 [-1.85696405e+01  2.00621790e+00 -3.99744882e+01  8.77532203e+01]
 [-1.55523673e+01  2.02326743e+00 -4.96960436e+01  8.65936287e+01]
 [-1.27206226e+01  2.04746172e+00 -5.92628915e+01  8.56029488e+01]
 [-1.01484903e+01  2.07126860e+00 -6.84007056e+01  8.49043108e+01]
 [-7.94960115e+00  2.09830286e+00 -7.68710775e+01  8.45233513e+01]
 [-6.05437704e+00  2.12561206e+00 -8.45974354e+01  8.45359909e+01]
 [-4.49411711e+00  2.14863975e+00 -9.11945004e+01  8.47138354e+01]
 [-3.23018766e+00  2.17207759e+00 -9.67516929e+01  8.48087936e+01]
 [-2.46739573e+00  2.20054757e+00 -1.00725129e+02  8.47742841e+01]
 [-1.62389332e+00  2.21713792e+00 -1.04174826e+02  8.42661584e+01]
 [-6.89937672e-02  2.20831305e+00 -1.08382583e+02  8.29486014e+01]
 [ 2.18806708e+00  2.19022459e+00 -1.14078932e+02  8.13058905e+01]
 [ 4.85955418e+00  2.16731100e+00 -1.20589705e+02  7.94745399e+01]
 [ 7.52890323e+00  2.14892391e+00 -1.27067358e+02  7.74737060e+01]
 [ 9.76157076e+00  2.12293452e+00 -1.32146717e+02  7.55891692e+01]
 [ 1.10520197e+01  2.10603564e+00 -1.35177422e+02  7.44717631e+01]
 [ 1.14694601e+01  2.09664323e+00 -1.36219165e+02  7.41387973e+01]
 [ 1.14516148e+01  2.08944773e+00 -1.36308454e+02  7.43406884e+01]
 [ 1.13259771e+01  2.08819319e+00 -1.36548882e+02  7.50419192e+01]
 [ 1.10447161e+01  2.09237628e+00 -1.36742455e+02  7.62360069e+01]
 [ 1.04641815e+01  2.10179106e+00 -1.36488070e+02  7.78280978e+01]
 [ 9.40400013e+00  2.11995009e+00 -1.35357669e+02  7.98518222e+01]
 [ 7.80810950e+00  2.14236566e+00 -1.32970317e+02  8.23591830e+01]
 [ 9.47622927e-01 -2.86072191e-04  4.76864212e-01 -1.21206281e+02]
 [ 1.02212857e+00  1.59359066e-03 -8.07876296e-01  4.74587853e+01]
 [ 1.24084998e+00  5.44677744e-03 -2.88351629e+00  2.10820762e+02]
 [ 1.54735777e+00  9.40283845e-03 -4.45421720e+00  1.79558219e+02]
 [ 1.94937638e+00  1.22427528e-02 -4.82959105e+00 -1.83567009e+02]
 [ 2.37951051e+00  1.36796041e-02 -4.26261786e+00 -7.53777072e+02]
 [ 3.64466114e+00  9.32484787e-03  1.66693423e+00 -3.21646060e+03]
 [ 5.01469993e+00  3.05997261e-03  6.60149561e+00 -5.53837562e+03]
 [ 4.96041072e+00  5.64033508e-05  5.40912933e+00 -5.17903162e+03]
 [ 5.18858170e+00 -1.09304581e-02  4.49349236e+00 -5.03055017e+03]
 [ 6.48962882e+00 -3.18099613e-01 -5.76415928e+01  1.20788899e+04]
 [ 6.55258374e+00 -4.65922386e-01 -8.27139878e+01  1.97558432e+04]
 [ 6.05774019e+00 -5.08127760e-01 -8.64623691e+01  2.16580132e+04]
 [ 5.00042592e+00 -4.83291369e-01 -8.14694795e+01  2.11977646e+04]
 [ 3.85709421e+00 -4.43466296e-01 -7.53329043e+01  2.03622852e+04]
 [ 2.74816436e+00 -3.80943495e-01 -7.41793405e+01  2.03399235e+04]
 [ 1.33142897e+00 -2.67643878e-01 -7.72883762e+01  2.09277172e+04]
 [-6.02934582e-01 -9.57390589e-02 -7.68242602e+01  2.04332525e+04]
 [-2.64393694e+00  7.63391059e-02 -3.81232228e+01  1.12890686e+04]
 [-2.56530930e+00  1.26673351e-01 -2.44446534e+01  7.45296311e+03]
 [-8.82129361e-01  1.71707398e-01 -1.18112951e+00  8.54638266e+00]
 [-1.95133914e-01  1.32329581e-01 -1.41361347e+00 -6.57154569e+01]
 [ 4.71025692e-02  6.92246696e-02  1.36815756e+00 -1.37865775e+02]
 [-2.56863689e-01  5.53891547e-03  6.18839805e+00 -1.87126782e+02]
 [-4.76569874e-01  4.03623817e-02  5.09935115e+00 -1.75672246e+02]
 [-8.49425922e-01  7.03752660e-02  4.91028502e+00 -1.78714230e+02]
 [-1.42664168e+00  7.95984730e-02  6.68071724e+00 -1.97071319e+02]
 [-3.08140794e+00  4.45090758e-02  1.50698961e+01 -2.63020522e+02]
 [-5.07848100e+00  5.59460054e-02  2.20518793e+01 -3.09343634e+02]
 [-7.15221507e+00  1.23629419e-01  2.60443107e+01 -3.19635050e+02]
 [-8.09999065e+00  1.38448232e-01  2.86576262e+01 -3.21954726e+02]
 [-8.35400601e+00  1.44986898e-01  2.94006908e+01 -3.42909604e+02]
 [-8.89562320e+00  1.52262374e-01  3.16075771e+01 -4.18572331e+02]
 [-9.28218165e+00  1.67755211e-01  3.23988178e+01 -4.43922234e+02]
 [-3.18507657e+01  2.25761367e+00 -1.34149064e+01  1.12652664e+02]
 [-3.13302534e+01  2.22998776e+00 -1.42437353e+01  1.10796824e+02]
 [-3.10328244e+01  2.20023888e+00 -1.39937620e+01  1.08946934e+02]
 [-3.08025132e+01  2.16441062e+00 -1.30368230e+01  1.06971432e+02]
 [-3.05181940e+01  2.12852086e+00 -1.20305043e+01  1.04776328e+02]
 [-3.04606457e+01  2.10822966e+00 -1.08198514e+01  1.02459141e+02]
 [-3.03190843e+01  2.09887825e+00 -1.03429537e+01  9.98604730e+01]
 [-2.94206840e+01  2.07506599e+00 -1.15221733e+01  9.65377247e+01]
 [-2.71925421e+01  2.03999903e+00 -1.63350708e+01  9.33981399e+01]
 [-2.45492111e+01  2.01125360e+00 -2.26950061e+01  9.09177537e+01]
 [-2.17271653e+01  1.99898311e+00 -3.03397657e+01  8.91250615e+01]
 [-1.85696405e+01  2.00621790e+00 -3.99744882e+01  8.77532203e+01]
 [-1.55523673e+01  2.02326743e+00 -4.96960436e+01  8.65936287e+01]
 [-1.27206226e+01  2.04746172e+00 -5.92628915e+01  8.56029488e+01]
 [-1.01484903e+01  2.07126860e+00 -6.84007056e+01  8.49043108e+01]
 [-7.94960115e+00  2.09830286e+00 -7.68710775e+01  8.45233513e+01]
 [-6.05437704e+00  2.12561206e+00 -8.45974354e+01  8.45359909e+01]
 [-4.49411711e+00  2.14863975e+00 -9.11945004e+01  8.47138354e+01]
 [-3.23018766e+00  2.17207759e+00 -9.67516929e+01  8.48087936e+01]
 [-2.46739573e+00  2.20054757e+00 -1.00725129e+02  8.47742841e+01]
 [-1.62389332e+00  2.21713792e+00 -1.04174826e+02  8.42661584e+01]
 [-6.89937672e-02  2.20831305e+00 -1.08382583e+02  8.29486014e+01]
 [ 2.18806708e+00  2.19022459e+00 -1.14078932e+02  8.13058905e+01]
 [ 4.85955418e+00  2.16731100e+00 -1.20589705e+02  7.94745399e+01]
 [ 7.52890323e+00  2.14892391e+00 -1.27067358e+02  7.74737060e+01]
 [ 9.76157076e+00  2.12293452e+00 -1.32146717e+02  7.55891692e+01]
 [ 1.10520197e+01  2.10603564e+00 -1.35177422e+02  7.44717631e+01]
 [ 1.14694601e+01  2.09664323e+00 -1.36219165e+02  7.41387973e+01]
 [ 1.14516148e+01  2.08944773e+00 -1.36308454e+02  7.43406884e+01]
 [ 1.13259771e+01  2.08819319e+00 -1.36548882e+02  7.50419192e+01]
 [ 1.10447161e+01  2.09237628e+00 -1.36742455e+02  7.62360069e+01]
 [ 1.04641815e+01  2.10179106e+00 -1.36488070e+02  7.78280978e+01]
 [ 9.40400013e+00  2.11995009e+00 -1.35357669e+02  7.98518222e+01]
 [ 7.80810950e+00  2.14236566e+00 -1.32970317e+02  8.23591830e+01]
 [-3.18507657e+01  2.25761367e+00 -1.34149064e+01  1.12652664e+02]
 [-3.13302534e+01  2.22998776e+00 -1.42437353e+01  1.10796824e+02]
 [-3.10328244e+01  2.20023888e+00 -1.39937620e+01  1.08946934e+02]
 [-3.08025132e+01  2.16441062e+00 -1.30368230e+01  1.06971432e+02]
 [-3.05181940e+01  2.12852086e+00 -1.20305043e+01  1.04776328e+02]
 [-3.04606457e+01  2.10822966e+00 -1.08198514e+01  1.02459141e+02]
 [-3.03190843e+01  2.09887825e+00 -1.03429537e+01  9.98604730e+01]
 [-2.94206840e+01  2.07506599e+00 -1.15221733e+01  9.65377247e+01]
 [-2.71925421e+01  2.03999903e+00 -1.63350708e+01  9.33981399e+01]
 [-2.45492111e+01  2.01125360e+00 -2.26950061e+01  9.09177537e+01]
 [-2.17271653e+01  1.99898311e+00 -3.03397657e+01  8.91250615e+01]
 [-1.85696405e+01  2.00621790e+00 -3.99744882e+01  8.77532203e+01]
 [-1.55523673e+01  2.02326743e+00 -4.96960436e+01  8.65936287e+01]
 [-1.27206226e+01  2.04746172e+00 -5.92628915e+01  8.56029488e+01]
 [-1.01484903e+01  2.07126860e+00 -6.84007056e+01  8.49043108e+01]
 [-7.94960115e+00  2.09830286e+00 -7.68710775e+01  8.45233513e+01]
 [-6.05437704e+00  2.12561206e+00 -8.45974354e+01  8.45359909e+01]
 [-4.49411711e+00  2.14863975e+00 -9.11945004e+01  8.47138354e+01]
 [-3.23018766e+00  2.17207759e+00 -9.67516929e+01  8.48087936e+01]
 [-2.46739573e+00  2.20054757e+00 -1.00725129e+02  8.47742841e+01]
 [-1.62389332e+00  2.21713792e+00 -1.04174826e+02  8.42661584e+01]
 [-6.89937672e-02  2.20831305e+00 -1.08382583e+02  8.29486014e+01]
 [ 2.18806708e+00  2.19022459e+00 -1.14078932e+02  8.13058905e+01]
 [ 4.85955418e+00  2.16731100e+00 -1.20589705e+02  7.94745399e+01]
 [ 7.52890323e+00  2.14892391e+00 -1.27067358e+02  7.74737060e+01]
 [ 9.76157076e+00  2.12293452e+00 -1.32146717e+02  7.55891692e+01]
 [ 1.10520197e+01  2.10603564e+00 -1.35177422e+02  7.44717631e+01]
 [ 1.14694601e+01  2.09664323e+00 -1.36219165e+02  7.41387973e+01]
 [ 1.14516148e+01  2.08944773e+00 -1.36308454e+02  7.43406884e+01]
 [ 1.13259771e+01  2.08819319e+00 -1.36548882e+02  7.50419192e+01]
 [ 1.10447161e+01  2.09237628e+00 -1.36742455e+02  7.62360069e+01]
 [ 1.04641815e+01  2.10179106e+00 -1.36488070e+02  7.78280978e+01]
 [ 9.40400013e+00  2.11995009e+00 -1.35357669e+02  7.98518222e+01]
 [ 7.80810950e+00  2.14236566e+00 -1.32970317e+02  8.23591830e+01]
 [-3.18507657e+01  2.25761367e+00 -1.34149064e+01  1.12652664e+02]
 [-3.13302534e+01  2.22998776e+00 -1.42437353e+01  1.10796824e+02]
 [-3.10328244e+01  2.20023888e+00 -1.39937620e+01  1.08946934e+02]
 [-3.08025132e+01  2.16441062e+00 -1.30368230e+01  1.06971432e+02]
 [-3.05181940e+01  2.12852086e+00 -1.20305043e+01  1.04776328e+02]
 [-3.04606457e+01  2.10822966e+00 -1.08198514e+01  1.02459141e+02]
 [-3.03190843e+01  2.09887825e+00 -1.03429537e+01  9.98604730e+01]
 [-2.94206840e+01  2.07506599e+00 -1.15221733e+01  9.65377247e+01]
 [-2.71925421e+01  2.03999903e+00 -1.63350708e+01  9.33981399e+01]
 [-2.45492111e+01  2.01125360e+00 -2.26950061e+01  9.09177537e+01]
 [-2.17271653e+01  1.99898311e+00 -3.03397657e+01  8.91250615e+01]
 [-1.85696405e+01  2.00621790e+00 -3.99744882e+01  8.77532203e+01]
 [-1.55523673e+01  2.02326743e+00 -4.96960436e+01  8.65936287e+01]
 [-1.27206226e+01  2.04746172e+00 -5.92628915e+01  8.56029488e+01]
 [-1.01484903e+01  2.07126860e+00 -6.84007056e+01  8.49043108e+01]
 [-7.94960115e+00  2.09830286e+00 -7.68710775e+01  8.45233513e+01]
 [-6.05437704e+00  2.12561206e+00 -8.45974354e+01  8.45359909e+01]
 [-4.49411711e+00  2.14863975e+00 -9.11945004e+01  8.47138354e+01]
 [-3.23018766e+00  2.17207759e+00 -9.67516929e+01  8.48087936e+01]
 [-2.46739573e+00  2.20054757e+00 -1.00725129e+02  8.47742841e+01]
 [-1.62389332e+00  2.21713792e+00 -1.04174826e+02  8.42661584e+01]
 [-6.89937672e-02  2.20831305e+00 -1.08382583e+02  8.29486014e+01]
 [ 2.18806708e+00  2.19022459e+00 -1.14078932e+02  8.13058905e+01]
 [ 4.85955418e+00  2.16731100e+00 -1.20589705e+02  7.94745399e+01]
 [ 7.52890323e+00  2.14892391e+00 -1.27067358e+02  7.74737060e+01]
 [ 9.76157076e+00  2.12293452e+00 -1.32146717e+02  7.55891692e+01]
 [ 1.10520197e+01  2.10603564e+00 -1.35177422e+02  7.44717631e+01]
 [ 1.14694601e+01  2.09664323e+00 -1.36219165e+02  7.41387973e+01]
 [ 1.14516148e+01  2.08944773e+00 -1.36308454e+02  7.43406884e+01]
 [ 1.13259771e+01  2.08819319e+00 -1.36548882e+02  7.50419192e+01]
 [ 1.10447161e+01  2.09237628e+00 -1.36742455e+02  7.62360069e+01]
 [ 1.04641815e+01  2.10179106e+00 -1.36488070e+02  7.78280978e+01]
 [ 9.40400013e+00  2.11995009e+00 -1.35357669e+02  7.98518222e+01]
 [ 7.80810950e+00  2.14236566e+00 -1.32970317e+02  8.23591830e+01]]