Interpolated Gini coefficient index values per country:

           Country         variable     1989     1990     1991     1992     1993     1994     1995     1996     1997     1998     1999     2000     2001     2002     2003     2004     2005     2006     2007     2008     2009     2010     2011     2012     2013     2014     2015     2016     2017     2018     2019     2020     2021     2022
            Brazil Gini_coefficient 0.632447 0.604500 0.559940 0.531017 0.600656 0.597980 0.595304 0.598373 0.597537 0.595654 0.589504 0.586491 0.584025 0.581054 0.575531 0.564716 0.563099 0.556421 0.549189 0.540374 0.536819 0.532213 0.529416 0.534353 0.526833 0.520296 0.519264 0.533671 0.533211 0.538883 0.535093 0.489020 0.529387 0.520152
            Canada Gini_coefficient 0.310125 0.313654 0.319434 0.315643 0.316759 0.313038 0.315096 0.327681 0.331169 0.332172 0.330609 0.334183 0.335548 0.335603 0.338095 0.337765 0.336218 0.340905 0.338410 0.339306 0.339522 0.335926 0.326571 0.335390 0.337990 0.331576 0.337465 0.327018 0.333082 0.325093 0.317496 0.310303 0.303543 0.297245
        Costa Rica Gini_coefficient 0.454672 0.452159 0.465553 0.456409 0.459281 0.467030 0.456601 0.464791 0.455790 0.456381 0.476314 0.474104 0.515062 0.518128 0.493005 0.484177 0.475103 0.492806 0.493129 0.486409 0.505548 0.480431 0.487593 0.484173 0.491518 0.486321 0.483740 0.487042 0.483452 0.479700 0.481899 0.492451 0.486781 0.471513
Dominican Republic Gini_coefficient 0.504481 0.507510 0.509691 0.510529 0.504850 0.492358 0.479866 0.474188 0.489015 0.500885 0.510913 0.515136 0.499989 0.496715 0.521196 0.520499 0.499648 0.519611 0.488551 0.481074 0.488756 0.473258 0.477069 0.461335 0.476564 0.442794 0.451809 0.457226 0.421930 0.436861 0.419171 0.396283 0.385293 0.369794
       El Salvador Gini_coefficient 0.487155 0.521831 0.537936 0.531772 0.518209 0.504646 0.498482 0.509581 0.529971 0.543785 0.520807 0.514638 0.513474 0.518517 0.504364 0.477991 0.484723 0.456894 0.452175 0.468856 0.458249 0.435133 0.423180 0.418288 0.433587 0.415595 0.405518 0.399785 0.380072 0.386106 0.387788 0.389298 0.390107 0.387532
            France Gini_coefficient 0.322136 0.321191 0.320945 0.320805 0.320713 0.320613 0.320449 0.320166 0.319001 0.316578 0.324998 0.325531 0.325333 0.317782 0.314111 0.306473 0.298339 0.296911 0.324277 0.329964 0.326612 0.337204 0.332948 0.331149 0.325126 0.322622 0.327042 0.319235 0.316321 0.323807 0.311996 0.306615 0.315010 0.334166
          Honduras Gini_coefficient 0.553673 0.559286 0.518214 0.518052 0.534458 0.549925 0.554708 0.556984 0.527278 0.572938 0.552200 0.552559 0.553521 0.557102 0.580804 0.580946 0.594793 0.575266 0.558160 0.554900 0.512818 0.530857 0.525542 0.533654 0.499587 0.498754 0.492488 0.498103 0.494414 0.489363 0.481628 0.471774 0.461488 0.452460
         Indonesia Gini_coefficient 0.307995 0.310693 0.312670 0.314681 0.317550 0.325513 0.336558 0.342138 0.325624 0.308539 0.307885 0.303063 0.311659 0.301638 0.293232 0.304165 0.299036 0.315241 0.332317 0.326329 0.334327 0.345863 0.379259 0.371489 0.389269 0.387800 0.382075 0.368857 0.363679 0.363386 0.353599 0.353356 0.355048 0.355120
             Italy Gini_coefficient 0.321061 0.314031 0.310499 0.330379 0.350863 0.351526 0.352108 0.356311 0.363019 0.366523 0.360473 0.352448 0.348715 0.346957 0.349287 0.342930 0.338310 0.336948 0.328883 0.337677 0.338330 0.347168 0.350530 0.351515 0.349057 0.346524 0.353900 0.352396 0.359222 0.352173 0.345836 0.352409 0.348446 0.331336
            Panama Gini_coefficient 0.586228 0.583629 0.580292 0.578896 0.577742 0.576957 0.576667 0.579049 0.581431 0.573636 0.563534 0.565921 0.567076 0.560917 0.556502 0.547725 0.538003 0.546364 0.526853 0.526930 0.517704 0.516088 0.513470 0.517390 0.514560 0.504656 0.508057 0.504069 0.498851 0.492115 0.498375 0.504902 0.508584 0.503027
          Paraguay Gini_coefficient 0.329751 0.408374 0.471771 0.520359 0.554550 0.574762 0.581406 0.565867 0.548883 0.546577 0.545714 0.545837 0.546268 0.572745 0.549376 0.522604 0.513812 0.529942 0.530405 0.507047 0.491451 0.509824 0.523097 0.476336 0.479354 0.507026 0.476057 0.478997 0.485475 0.459551 0.456506 0.434819 0.429051 0.451082
             Spain Gini_coefficient 0.322704 0.320232 0.329657 0.347160 0.356585 0.351037 0.357266 0.364646 0.353244 0.345801 0.337919 0.341289 0.335254 0.324045 0.318009 0.333020 0.324318 0.335412 0.341374 0.342204 0.349241 0.352445 0.356940 0.354037 0.361819 0.360523 0.361783 0.357571 0.346513 0.347163 0.343037 0.348636 0.338859 0.317883
            Sweden Gini_coefficient 0.236629 0.241617 0.246198 0.249087 0.250301 0.251167 0.252365 0.255175 0.259577 0.264297 0.268063 0.269601 0.265454 0.262169 0.252685 0.261402 0.268211 0.263513 0.271142 0.281192 0.273399 0.277362 0.276053 0.276439 0.288228 0.283887 0.292097 0.295612 0.287741 0.299716 0.293046 0.288706 0.297654 0.315282
          Thailand Gini_coefficient 0.443220 0.452656 0.467919 0.478580 0.457893 0.434702 0.431640 0.429049 0.420787 0.414558 0.430916 0.428337 0.423098 0.419445 0.422424 0.425403 0.423461 0.418190 0.397615 0.402883 0.396013 0.394028 0.374590 0.392567 0.378471 0.370327 0.359873 0.368906 0.363828 0.364122 0.348557 0.349858 0.349239 0.346017
    United Kingdom Gini_coefficient 0.333542 0.357420 0.349628 0.349555 0.350760 0.359789 0.355166 0.352952 0.357352 0.366215 0.367838 0.388486 0.370862 0.351464 0.348561 0.348342 0.354850 0.358800 0.344131 0.354451 0.351374 0.337056 0.331911 0.330906 0.326996 0.331409 0.333120 0.331093 0.326082 0.336897 0.328241 0.326445 0.324146 0.321405
     United States Gini_coefficient 0.382380 0.382625 0.380449 0.383728 0.403631 0.399854 0.398536 0.403083 0.405242 0.399518 0.399844 0.401389 0.405943 0.403521 0.407701 0.402505 0.409629 0.413959 0.407959 0.408092 0.406083 0.400075 0.409342 0.409341 0.406492 0.415080 0.412356 0.411190 0.411772 0.414052 0.415335 0.396821 0.396965 0.413341