Interpolated government expenditure values per country:

           Country               variable      1989      1990      1991      1992      1993      1994      1995      1996      1997      1998      1999      2000      2001      2002      2003      2004      2005      2006      2007      2008      2009      2010      2011      2012      2013      2014      2015      2016      2017      2018      2019      2020      2021      2022
            Brazil Government_expenditure 18.338570 21.754740 25.376443 28.966006 32.285752 35.098009 37.165101 38.249355 38.600930 40.900433 39.588627 34.481926 39.802300 44.494778 41.288174 39.680680 41.870308 42.562800 40.351753 39.915580 40.536594 39.515877 39.367252 39.309807 39.780840 41.426430 46.191296 45.503296 44.297333 44.180660 43.042877 46.178420 40.370987 43.445330
            Canada Government_expenditure 45.838700 48.804600 52.263800 53.340900 52.225400 49.737300 48.479000 46.585700 44.276600 44.799100 42.684200 41.108100 41.102170 40.393852 40.275690 39.134678 38.520600 38.660793 38.519047 38.775383 43.420750 43.063946 41.575240 40.926205 39.960743 38.370483 40.018417 40.753235 40.455406 40.662350 40.589645 52.362343 45.438065 41.034390
        Costa Rica Government_expenditure 26.085100 25.609600 19.511500 18.765000 20.484500 16.686300 16.065900 16.175000 14.922700 14.720700 14.323700 16.870070 17.280035 18.550665 17.567165 17.006226 15.888618 15.150322 14.595431 15.179906 16.658997 18.042295 17.179840 17.343180 18.519442 18.400082 18.759066 18.755840 19.156754 18.895180 21.686443 22.292011 20.773070 19.188116
Dominican Republic Government_expenditure 11.342900  9.097190  8.650530 10.440500 13.022400 12.136800 10.980200 11.372600 11.912600 11.808600 13.139100 14.092677 14.891559 16.475056 17.223986 17.332647 15.500649 16.950064 16.320732 18.479765 16.143976 16.049486 15.965217 19.784943 18.477250 16.999842 16.681154 16.974438 17.064120 16.351643 17.861317 22.092815 18.537851 18.512686
       El Salvador Government_expenditure 12.820133 15.877398 18.534595 20.752056 18.508583 18.908949 18.563879 21.034975 18.624771 19.287498 19.650414 20.962790 21.675339 22.509277 22.626417 21.497591 22.428421 23.412296 22.827000 24.548264 25.958014 25.590626 25.275236 27.382710 28.494526 27.608332 27.107582 27.461637 27.763470 27.262869 27.207933 32.699630 31.678864 28.841267
            France Government_expenditure 48.927000 49.583500 50.691800 52.000600 55.070000 54.066200 54.390600 54.500300 54.183100 52.759400 52.599700 51.688900 51.662800 52.873800 53.400900 53.260500 53.569400 52.975800 52.608800 53.280900 56.737700 56.627100 57.008710 57.889553 58.589330 58.391640 57.595116 57.379204 57.665092 56.369232 55.344795 61.696710 59.463290 58.397213
          Honduras Government_expenditure 10.153900 16.608200 14.006500 13.848700 14.116500 17.515700 17.387300 17.162000 17.398500 19.419210 23.320528 22.098845 25.065784 26.808756 26.441300 25.543972 23.609587 24.393703 24.448740 26.409035 28.351643 26.463223 25.911856 26.356068 29.575607 27.637907 26.021890 27.382563 26.857903 26.156130 25.939116 28.411896 28.771416 24.041553
         Indonesia Government_expenditure 16.471700 15.840800 15.037700 16.824200 14.093425 13.523808 11.907042 11.507988 15.249510 15.078773 15.140176 15.302871 19.508749 16.928898 18.176003 17.833225 17.397795 18.416573 18.734886 19.394001 17.026653 16.886547 17.713701 18.835804 19.081188 18.364756 17.602161 16.920494 16.443623 16.611101 16.358791 18.426700 18.123703 17.361322
             Italy Government_expenditure 51.593400 52.860600 53.943400 55.294700 56.268200 53.481900 52.489900 52.454400 50.225100 49.204400 48.144000 45.863400 47.710400 47.117000 48.077200 47.527000 47.915700 48.450100 47.630300 48.602100 51.614500 50.275500 49.039135 50.492405 50.919285 50.738964 50.272625 49.011820 48.816963 48.366695 48.455463 56.783783 56.029230 54.908203
            Panama Government_expenditure 43.022400 41.460500 20.913200 27.766000 33.846100 25.188274 26.249575 21.751158 22.316378 23.473910 22.989569 22.746758 23.396454 23.442396 24.446630 24.241013 23.790754 22.354177 21.796223 23.619848 22.466583 25.902536 24.622143 23.924124 23.721775 23.161615 21.592028 21.537067 21.419990 21.974281 20.890219 27.591360 23.935297 21.570059
          Paraguay Government_expenditure 11.830845 10.537206 11.374959 12.971241 12.931347 14.479883 15.722646 16.917685 18.051813 17.957695 19.194607 19.620320 19.039597 17.641642 15.750554 15.441147 14.564096 14.847610 13.743547 12.476991 15.202288 14.668424 15.582621 18.543116 17.517828 17.135328 17.977580 17.699200 18.056896 18.488113 20.176508 22.631886 20.447397 20.160303
             Spain Government_expenditure 32.092500 32.751200 30.207700 33.794600 41.239100 32.594900 44.463300 43.232600 41.652100 41.087500 39.929800 39.194700 38.659200 38.908200 38.410100 38.887800 38.436400 38.350100 39.211800 41.457000 46.263100 45.622200 45.941853 49.238390 46.162342 45.056396 43.682804 42.139084 41.047447 41.522230 42.007480 51.431440 49.492744 46.434010
            Sweden Government_expenditure 35.803577 37.958225 40.978836 45.870240 69.400000 67.100000 63.000000 61.000000 58.700000 56.400000 56.000000 53.100000 52.500000 53.600000 53.800000 52.500000 52.300000 51.100000 49.300000 50.000000 52.400000 50.400000 49.028930 50.161846 50.858635 50.055970 48.735664 48.911720 48.706880 49.176136 48.286410 51.235836 48.323055 47.522587
          Thailand Government_expenditure 16.532000 16.558800 16.957500 17.839300 18.765100 15.951800 15.335300 17.761600 18.511400 18.219600 17.963600 19.346073 20.823765 25.712310 18.285738 19.331488 19.579763 18.738914 19.999056 19.226326 21.721836 22.008858 21.113401 22.251299 21.647144 22.198183 22.291235 21.371830 21.495317 21.296926 20.559965 24.883709 26.767126 24.516740
    United Kingdom Government_expenditure 39.678200 41.108300 42.748200 45.004900 45.043700 44.415800 43.902300 42.277100 40.513700 39.468800 38.875500 36.762100 40.165400 41.102200 42.121200 42.958500 44.092200 44.178600 43.883500 47.831100 51.458800 50.562700 43.510850 43.557243 41.844860 41.187340 40.426860 39.634220 39.156930 38.872345 38.734360 49.956406 45.856567 44.062290
     United States Government_expenditure 33.723602 34.499000 35.663610 36.744984 36.377934 35.459713 35.484634 34.722874 33.669456 32.750874 32.172680 31.734135 32.801414 33.698273 34.037052 33.719254 33.927917 33.691704 34.561714 37.144080 41.398660 39.762627 38.795914 37.222730 35.782320 35.323936 35.030950 35.333070 35.194073 35.349342 35.810776 44.568054 42.599358 36.308407