Interpolated human development index values per country:

           Country                variable     1989  1990  1991  1992  1993  1994  1995  1996  1997  1998  1999  2000  2001  2002  2003  2004  2005  2006  2007  2008  2009  2010  2011  2012  2013  2014  2015  2016  2017  2018  2019  2020  2021  2022
            Brazil Human_Development_Index 0.636143 0.641 0.645 0.648 0.654 0.659 0.666 0.671 0.676 0.680 0.684 0.690 0.694 0.700 0.705 0.712 0.718 0.725 0.732 0.739 0.742 0.748 0.753 0.758 0.762 0.765 0.764 0.765 0.770 0.774 0.776 0.770 0.768 0.780
            Canada Human_Development_Index 0.864500 0.865 0.868 0.873 0.871 0.877 0.881 0.884 0.884 0.883 0.888 0.894 0.897 0.899 0.902 0.906 0.909 0.913 0.914 0.916 0.915 0.918 0.921 0.927 0.930 0.932 0.932 0.933 0.935 0.935 0.937 0.931 0.937 0.935
        Costa Rica Human_Development_Index 0.677143 0.677 0.682 0.691 0.696 0.701 0.706 0.707 0.712 0.714 0.717 0.720 0.726 0.730 0.736 0.741 0.748 0.755 0.760 0.769 0.773 0.776 0.783 0.789 0.795 0.802 0.803 0.805 0.809 0.813 0.821 0.819 0.817 0.823
Dominican Republic Human_Development_Index 0.590667 0.589 0.594 0.604 0.611 0.617 0.624 0.631 0.639 0.645 0.652 0.658 0.663 0.668 0.670 0.673 0.683 0.691 0.698 0.704 0.707 0.715 0.721 0.727 0.731 0.737 0.747 0.766 0.770 0.773 0.771 0.767 0.762 0.778
       El Salvador Human_Development_Index 0.520600 0.523 0.529 0.538 0.548 0.558 0.567 0.576 0.586 0.594 0.598 0.607 0.612 0.621 0.628 0.636 0.642 0.647 0.653 0.653 0.653 0.660 0.662 0.666 0.668 0.668 0.667 0.666 0.665 0.670 0.670 0.660 0.663 0.674
            France Human_Development_Index 0.787250 0.798 0.807 0.814 0.818 0.832 0.837 0.842 0.847 0.851 0.856 0.852 0.855 0.858 0.862 0.869 0.877 0.881 0.884 0.884 0.883 0.888 0.892 0.893 0.896 0.900 0.901 0.905 0.908 0.911 0.914 0.909 0.915 0.916
          Honduras Human_Development_Index 0.514143 0.516 0.519 0.523 0.529 0.532 0.537 0.541 0.547 0.529 0.552 0.558 0.561 0.564 0.568 0.573 0.578 0.582 0.587 0.592 0.594 0.596 0.598 0.597 0.601 0.604 0.610 0.616 0.618 0.619 0.632 0.625 0.628 0.643
         Indonesia Human_Development_Index 0.524000 0.531 0.538 0.545 0.555 0.565 0.575 0.585 0.595 0.591 0.595 0.600 0.608 0.617 0.625 0.624 0.638 0.646 0.649 0.653 0.663 0.670 0.678 0.686 0.690 0.693 0.701 0.705 0.712 0.715 0.714 0.710 0.707 0.726
             Italy Human_Development_Index 0.785692 0.787 0.792 0.800 0.806 0.816 0.823 0.829 0.836 0.840 0.845 0.849 0.856 0.862 0.866 0.874 0.876 0.881 0.885 0.885 0.884 0.887 0.890 0.887 0.887 0.890 0.889 0.894 0.897 0.902 0.906 0.899 0.908 0.905
            Panama Human_Development_Index 0.676000 0.672 0.674 0.680 0.686 0.688 0.690 0.694 0.701 0.707 0.712 0.718 0.723 0.730 0.735 0.741 0.746 0.753 0.763 0.767 0.770 0.775 0.781 0.798 0.799 0.798 0.803 0.810 0.815 0.820 0.824 0.808 0.819 0.835
          Paraguay Human_Development_Index 0.601000 0.607 0.613 0.619 0.626 0.631 0.637 0.646 0.653 0.659 0.664 0.664 0.671 0.679 0.673 0.681 0.683 0.684 0.690 0.700 0.700 0.709 0.715 0.719 0.730 0.733 0.737 0.737 0.740 0.744 0.747 0.742 0.723 0.747
             Spain Human_Development_Index 0.757067 0.766 0.774 0.781 0.789 0.798 0.804 0.811 0.816 0.821 0.825 0.833 0.839 0.844 0.846 0.852 0.857 0.862 0.864 0.865 0.867 0.875 0.879 0.881 0.886 0.890 0.895 0.900 0.902 0.905 0.910 0.901 0.912 0.911
            Sweden Human_Development_Index 0.822273 0.818 0.821 0.829 0.850 0.862 0.869 0.877 0.888 0.901 0.906 0.912 0.915 0.918 0.923 0.908 0.911 0.915 0.917 0.913 0.912 0.918 0.920 0.920 0.940 0.943 0.945 0.947 0.949 0.950 0.955 0.951 0.958 0.959
          Thailand Human_Development_Index 0.576053 0.584 0.593 0.603 0.612 0.620 0.628 0.634 0.639 0.642 0.650 0.657 0.667 0.678 0.690 0.699 0.707 0.710 0.721 0.723 0.725 0.742 0.747 0.750 0.752 0.784 0.788 0.792 0.794 0.796 0.800 0.798 0.800 0.792
    United Kingdom Human_Development_Index 0.813333 0.812 0.816 0.824 0.827 0.836 0.835 0.841 0.849 0.856 0.862 0.870 0.876 0.881 0.886 0.897 0.903 0.902 0.905 0.910 0.915 0.921 0.916 0.917 0.931 0.932 0.931 0.934 0.937 0.936 0.941 0.930 0.941 0.946
     United States Human_Development_Index 0.878000 0.878 0.878 0.882 0.884 0.887 0.888 0.890 0.893 0.895 0.895 0.895 0.897 0.898 0.900 0.905 0.907 0.911 0.914 0.914 0.915 0.919 0.920 0.923 0.925 0.926 0.928 0.929 0.931 0.934 0.936 0.925 0.921 0.930