mship:
[1 2 1 3 5 2 7 6 2 4 8 9 2 2 2]

EG:
[array([0, 2], dtype=int64), array([ 1,  5,  8, 12, 13, 14], dtype=int64), array([3], dtype=int64), array([9], dtype=int64), array([4], dtype=int64), array([7], dtype=int64), array([6], dtype=int64), array([10], dtype=int64), array([11], dtype=int64)]

EG_len:
[2 6 1 1 1 1 1 1 1]

Ealpha:
[[ 3.38414752e+02  4.15168574e+02  5.37310299e+02 ... -2.57847513e+02
  -2.61452889e+02 -2.66685994e+02]
 [ 1.46822714e+01  1.58629671e+01  1.77126429e+01 ... -5.63487983e+01
  -7.06443964e+01 -8.67223364e+01]
 [ 1.92813949e+02  2.08644578e+02 -5.09046750e+02 ...  5.61227109e-01
   4.16981948e-01  3.36717861e-01]
 ...
 [ 1.43569254e+03  1.20973797e+03  1.12049555e+03 ... -4.77470566e+01
  -4.66170045e+01 -4.34392352e+01]
 [-8.75799127e-01 -1.86568325e+01  6.21174393e+00 ... -2.59284872e+01
  -4.12128752e+01 -4.49481228e+01]
 [ 8.80077001e-01 -4.17918558e+00  7.66992005e+00 ...  5.65578930e+01
   7.72351362e+01  1.31832609e+02]]

Ealpha_inv:
[[ 3.38414752e+02 -8.38522678e-01 -4.50001265e+02 ... -5.72527347e-01
   6.78047304e+01 -2.66685994e+02]
 [ 1.46822714e+01 -1.53353875e-01 -9.54408394e+00 ... -2.82753402e-02
  -8.44783916e+01 -8.67223364e+01]
 [ 1.92813949e+02  1.71688018e+00 -6.44546606e+02 ...  3.61468650e-02
  -5.96792158e+00  3.36717861e-01]
 ...
 [ 1.43569254e+03  5.85015326e-01 -9.36717618e+02 ... -1.29986811e+00
  -1.10716223e+02 -4.34392352e+01]
 [-8.75799127e-01  1.60530289e-02  2.46165480e+01 ... -1.90654396e-02
  -1.59134693e+01 -4.49481228e+01]
 [ 8.80077001e-01 -1.34357021e-04  1.12951531e-01 ...  7.66394823e-02
   6.49908311e+01  1.31832609e+02]]

