mship:
[3 3 3 3 4 1 3 3 3 3 3 3 3 3 3 3 3 3 3 2 2 3 3 3 2 3 3 3 3 3 2 3 2 4 3 3 1
 3 3 2 3 1 3 3 4 3 3 2 3 3 3 3 3 3 3 3 3 3 3 3 3]

EG:
[array([ 5, 36, 41], dtype=int64), array([19, 20, 24, 30, 32, 39, 47], dtype=int64), array([ 0,  1,  2,  3,  6,  7,  8,  9, 10, 11, 12, 13, 14, 15, 16, 17, 18,
       21, 22, 23, 25, 26, 27, 28, 29, 31, 34, 35, 37, 38, 40, 42, 43, 45,
       46, 48, 49, 50, 51, 52, 53, 54, 55, 56, 57, 58, 59, 60],
      dtype=int64), array([ 4, 33, 44], dtype=int64)]

EG_len:
[ 3  7 48  3]

Ealpha:
[[ 1.26079952e+02  1.24674937e+02  1.22652551e+02  1.20001286e+02
   1.16618480e+02  1.12723907e+02  1.08102824e+02  1.06589369e+02
   1.05019663e+02  1.02109883e+02  9.77084370e+01  9.21647164e+01
   8.54959453e+01  7.87882131e+01  7.32593081e+01  6.85838903e+01
   6.46802047e+01  6.14976469e+01  5.90870096e+01  5.57517388e+01
   5.15765179e+01  4.68957859e+01  4.07393362e+01  3.29488362e+01
   2.41005659e+01  1.54117267e+01  8.24919892e+00  2.08689577e+00
  -2.87806394e+00 -5.05637011e+00 -5.47961806e+00 -3.97106610e+00
  -3.88442190e-01  2.88437839e+00  4.65634869e+00  5.57565136e+00
   5.79997119e+00  5.30415201e+00  3.39102286e+00  1.93587122e+00
   1.00721177e+00 -5.84192923e-01 -2.50556137e+00 -3.29190979e+00
  -3.22942786e+00 -1.35683017e+00 -4.80914333e+01 -4.78931849e+01
  -4.74191220e+01 -4.66676767e+01 -4.56336641e+01 -4.44733241e+01
  -4.30531297e+01 -4.22566802e+01 -4.16880388e+01 -4.08300535e+01
  -3.96022390e+01 -3.81039514e+01 -3.63115649e+01 -3.45467762e+01
  -3.31471542e+01 -3.20194096e+01 -3.11495168e+01 -3.05480063e+01
  -3.02014879e+01 -2.95618579e+01 -2.86479466e+01 -2.74112868e+01
  -2.55078640e+01 -2.27787081e+01 -1.94356126e+01 -1.60856724e+01
  -1.32492982e+01 -1.07531417e+01 -8.79016236e+00 -7.89255822e+00
  -7.66348930e+00 -8.03638410e+00 -9.20975419e+00 -1.03819156e+01
  -1.10021766e+01 -1.12828555e+01 -1.13016783e+01 -1.10341330e+01
  -1.01829625e+01 -9.61246520e+00 -9.38084583e+00 -8.89045870e+00
  -8.18519471e+00 -7.80273510e+00 -7.67845331e+00 -8.39806198e+00
   7.94998099e-02  9.25114235e-02  9.72093491e-02  9.48368440e-02
   8.96334419e-02  8.90393060e-02  9.02984020e-02  4.56275722e-03
  -2.30379078e-02 -2.72059269e-02 -2.56904997e-02 -2.13353947e-02
  -1.53515323e-02 -9.51075350e-03 -6.73059103e-03 -5.26633548e-03
  -3.52882974e-03 -4.16690935e-03 -2.46770938e-02  1.55452477e-02
   5.32528374e-02  6.70013116e-02  7.67128022e-02  8.14003694e-02
   7.96174615e-02  7.56193908e-02  7.06731725e-02  5.89852459e-02
   4.76207534e-02  4.02217097e-02  3.91187624e-02  3.60744537e-02
   2.94361997e-02  2.34277464e-02  1.92199759e-02  1.63622115e-02
   1.39475235e-02  6.21369628e-03 -2.41953889e-02 -3.95333225e-02
  -1.48660168e-02  3.47735888e-02  8.64896509e-02  9.53470224e-02
  -9.84172810e-03 -2.71073900e-01]
 [ 1.03860484e+01  1.28845090e+01  1.44493641e+01  1.53839671e+01
   1.57383011e+01  1.51015832e+01  1.28666822e+01  7.53236224e+00
  -9.93464467e-01 -1.33558858e+01 -2.78471567e+01 -4.00635880e+01
  -4.87887231e+01 -5.48503512e+01 -5.88454855e+01 -5.96846666e+01
  -5.70230792e+01 -5.30790809e+01 -4.87297183e+01 -4.42498077e+01
  -4.02465921e+01 -3.65829147e+01 -3.28009357e+01 -3.03017748e+01
  -2.92500749e+01 -2.92544102e+01 -2.98667765e+01 -3.00002552e+01
  -3.00790687e+01 -2.98633885e+01 -2.98043530e+01 -2.94355915e+01
  -2.86906299e+01 -2.84603725e+01 -2.90173269e+01 -3.00943036e+01
  -3.09797462e+01 -3.17393144e+01 -3.25798100e+01 -3.27885018e+01
  -3.27350925e+01 -3.26543298e+01 -3.25882352e+01 -3.23470796e+01
  -3.16865739e+01 -3.13090249e+01 -5.72301585e+00 -6.55808144e+00
  -7.09473427e+00 -7.42509185e+00 -7.53873073e+00 -7.27866030e+00
  -6.42811846e+00 -4.32188197e+00 -9.22128938e-01  3.93785042e+00
   9.56400803e+00  1.43214338e+01  1.76941376e+01  2.00387301e+01
   2.16061488e+01  2.19559520e+01  2.09728702e+01  1.95054289e+01
   1.78726241e+01  1.61860775e+01  1.47093029e+01  1.33675877e+01
   1.19555612e+01  1.10135602e+01  1.06452391e+01  1.07246250e+01
   1.09539444e+01  1.09375642e+01  1.09433528e+01  1.08281209e+01
   1.07922807e+01  1.06389879e+01  1.03088361e+01  1.01702112e+01
   1.03205014e+01  1.06704560e+01  1.09704952e+01  1.11523564e+01
   1.13679953e+01  1.14900679e+01  1.16467493e+01  1.18308589e+01
   1.19970884e+01  1.21320556e+01  1.21415827e+01  1.22170356e+01
   2.62979446e-01  2.54485246e-01  2.44153120e-01  2.32010992e-01
   2.25023011e-01  2.27726276e-01  2.37442333e-01  2.51579768e-01
   2.58842720e-01  2.54906904e-01  2.43083547e-01  2.31340229e-01
   2.17457818e-01  1.92709957e-01  1.34946109e-01  9.13070526e-02
   7.49472940e-02  6.64296986e-02  6.11810248e-02  5.47047696e-02
   4.90492279e-02  4.49141391e-02  3.74011819e-02  3.11867991e-02
   2.07224833e-02 -3.49940052e-03  2.39271010e-03  2.68390825e-02
   4.09022264e-02  5.16260331e-02  5.93672409e-02  7.32889496e-02
   1.01891170e-01  1.25017966e-01  1.43553123e-01  1.61450522e-01
   1.76058274e-01  2.09053983e-01  2.49691767e-01  2.65004778e-01
   2.60738897e-01  2.48117822e-01  2.37443286e-01  2.08820499e-01
   1.59910799e-01  1.14619944e-01]
 [ 1.46442122e+00  1.11739975e+00  8.63169568e-01  7.11625994e-01
   6.39478077e-01  5.51119967e-01  3.86135895e-01  2.08771283e-01
   1.99020037e-01  2.83688422e-01  3.34377994e-01  3.66812609e-01
   3.94886906e-01  4.34480751e-01  4.84598740e-01  5.88967533e-01
   6.80978415e-01  5.81638421e-01  2.40186121e-01 -1.34966089e-01
  -3.58159264e-01 -4.92900527e-01 -6.49784291e-01 -8.09363359e-01
  -9.19351347e-01 -9.58681543e-01 -9.30935819e-01 -8.30905720e-01
  -6.84513531e-01 -6.49429681e-01 -6.42900719e-01 -5.44704776e-01
  -4.35545642e-01 -4.26231390e-01 -4.72571353e-01 -4.60218647e-01
  -4.64816803e-01 -5.16381802e-01 -5.90650449e-01 -6.56664532e-01
  -6.83900228e-01 -6.81568866e-01 -6.49203526e-01 -5.89892708e-01
  -5.63221022e-01 -5.46691139e-01  7.97179640e-03  2.05302239e-01
   3.45533720e-01  4.17513916e-01  4.31133917e-01  4.25163983e-01
   4.16472171e-01  3.80010606e-01  2.56850169e-01  1.23705511e-01
  -2.58204509e-03 -1.08355750e-01 -1.79312725e-01 -2.30703392e-01
  -2.70034418e-01 -3.51486344e-01 -4.46362717e-01 -4.63905314e-01
  -3.63665933e-01 -2.19529140e-01 -1.10951388e-01 -9.21461989e-03
   1.14308874e-01  2.54629552e-01  4.03404732e-01  5.16905091e-01
   5.97062306e-01  6.29319396e-01  6.02817184e-01  6.36125082e-01
   6.62624652e-01  6.47821442e-01  6.33040627e-01  5.63440074e-01
   4.64090654e-01  3.49229563e-01  2.40497999e-01  1.60100127e-01
   1.07130417e-01  8.11028132e-02  5.88288893e-02  6.07865127e-02
   8.95134191e-02  1.07334002e-01  1.21781115e-01  1.31200586e-01
   8.15087394e-02  7.76179507e-02  7.54076907e-02  7.59807994e-02
   7.56491261e-02  7.38828557e-02  7.51685970e-02  8.18616904e-02
   9.60516860e-02  1.04698167e-01  1.06244175e-01  1.11134311e-01
   1.20544537e-01  1.35469276e-01  1.53064376e-01  1.63569739e-01
   1.74738153e-01  1.94960928e-01  2.24367625e-01  2.46851335e-01
   2.49585094e-01  2.42461064e-01  2.38053935e-01  2.33338407e-01
   2.27294469e-01  2.18048170e-01  2.03534425e-01  1.87820743e-01
   1.73480409e-01  1.60766245e-01  1.54851798e-01  1.48374281e-01
   1.43672603e-01  1.51986140e-01  1.64966327e-01  1.76671652e-01
   1.85397075e-01  1.88770430e-01  1.89910485e-01  1.91342482e-01
   1.94939427e-01  1.94635622e-01  1.93266452e-01  1.92435027e-01
   1.91171884e-01  1.93332720e-01]
 [ 7.75993511e-02  1.98631851e+00  4.88521702e+00  7.95071659e+00
   1.11101669e+01  1.69978844e+01  2.47811448e+01  3.40060659e+01
   4.45877674e+01  5.46107870e+01  6.59259367e+01  7.72648504e+01
   8.36180282e+01  8.48715000e+01  8.50616809e+01  8.66130536e+01
   8.64804736e+01  8.61575473e+01  8.79040796e+01  8.75831327e+01
   8.76929234e+01  8.82604600e+01  8.85273765e+01  8.88795684e+01
   8.94208190e+01  8.95510115e+01  8.90337412e+01  8.76762969e+01
   8.59155767e+01  8.39913724e+01  8.38478620e+01  8.40492838e+01
   8.41284261e+01  8.28199949e+01  8.15194665e+01  8.14762156e+01
   8.19511364e+01  8.26262031e+01  8.35300920e+01  8.49527363e+01
   8.66212089e+01  8.84926573e+01  9.02450745e+01  9.11806231e+01
   9.21602222e+01  9.34104127e+01  1.22818937e+01  1.16678638e+01
   1.06846839e+01  9.58077620e+00  8.50366084e+00  6.35296293e+00
   3.42779867e+00 -1.03977710e-01 -4.13546210e+00 -7.96738778e+00
  -1.23468957e+01 -1.68108507e+01 -1.93349481e+01 -1.98763476e+01
  -2.01529460e+01 -2.11436293e+01 -2.13848641e+01 -2.15307161e+01
  -2.26230077e+01 -2.27496732e+01 -2.29826230e+01 -2.33914388e+01
  -2.36902601e+01 -2.40948611e+01 -2.46554869e+01 -2.51119981e+01
  -2.53854027e+01 -2.53060912e+01 -2.49760894e+01 -2.47366661e+01
  -2.50276786e+01 -2.54256325e+01 -2.57654656e+01 -2.57531329e+01
  -2.60918010e+01 -2.69580144e+01 -2.80556638e+01 -2.93039567e+01
  -3.07072024e+01 -3.25021356e+01 -3.45273185e+01 -3.66252052e+01
  -3.85636780e+01 -4.00948792e+01 -4.15085202e+01 -4.26229549e+01
   9.48612347e-02  9.29001598e-02  9.21847654e-02  8.76664096e-02
   4.16627013e-02  6.04707158e-03 -4.75257762e-03 -1.36031545e-02
  -2.07819658e-02 -2.58930143e-02 -3.20256481e-02 -4.06245269e-02
  -4.51994547e-02 -4.66055658e-02 -3.69530714e-02 -2.53796659e-02
  -5.64987807e-02 -6.21806925e-02  7.89438642e-03  1.02844556e-02
   1.10241667e-02  1.15292635e-02  1.20100292e-02  1.26336146e-02
   1.33948331e-02  1.43057609e-02  1.55802823e-02  1.71862303e-02
   2.00727667e-02  7.79598739e-02 -6.77295061e-03 -7.80633008e-02
  -1.16254235e-01 -7.00129887e-02  3.90687432e-02  9.70810616e-02
   1.23887998e-01  1.42324912e-01  1.48589464e-01  1.38489864e-01
   1.21662519e-01  1.01423015e-01  9.95025012e-02  1.56179771e-01
   1.88257596e-01  1.29881066e-01]]

Ealpha_inv:
[[ 1.26079952e+02 -4.80914333e+01  7.94998099e-02  1.24674937e+02
  -4.78931849e+01  9.25114235e-02  1.22652551e+02 -4.74191220e+01
   9.72093491e-02  1.20001286e+02 -4.66676767e+01  9.48368440e-02
   1.16618480e+02 -4.56336641e+01  8.96334419e-02  1.12723907e+02
  -4.44733241e+01  8.90393060e-02  1.08102824e+02 -4.30531297e+01
   9.02984020e-02  1.06589369e+02 -4.22566802e+01  4.56275722e-03
   1.05019663e+02 -4.16880388e+01 -2.30379078e-02  1.02109883e+02
  -4.08300535e+01 -2.72059269e-02  9.77084370e+01 -3.96022390e+01
  -2.56904997e-02  9.21647164e+01 -3.81039514e+01 -2.13353947e-02
   8.54959453e+01 -3.63115649e+01 -1.53515323e-02  7.87882131e+01
  -3.45467762e+01 -9.51075350e-03  7.32593081e+01 -3.31471542e+01
  -6.73059103e-03  6.85838903e+01 -3.20194096e+01 -5.26633548e-03
   6.46802047e+01 -3.11495168e+01 -3.52882974e-03  6.14976469e+01
  -3.05480063e+01 -4.16690935e-03  5.90870096e+01 -3.02014879e+01
  -2.46770938e-02  5.57517388e+01 -2.95618579e+01  1.55452477e-02
   5.15765179e+01 -2.86479466e+01  5.32528374e-02  4.68957859e+01
  -2.74112868e+01  6.70013116e-02  4.07393362e+01 -2.55078640e+01
   7.67128022e-02  3.29488362e+01 -2.27787081e+01  8.14003694e-02
   2.41005659e+01 -1.94356126e+01  7.96174615e-02  1.54117267e+01
  -1.60856724e+01  7.56193908e-02  8.24919892e+00 -1.32492982e+01
   7.06731725e-02  2.08689577e+00 -1.07531417e+01  5.89852459e-02
  -2.87806394e+00 -8.79016236e+00  4.76207534e-02 -5.05637011e+00
  -7.89255822e+00  4.02217097e-02 -5.47961806e+00 -7.66348930e+00
   3.91187624e-02 -3.97106610e+00 -8.03638410e+00  3.60744537e-02
  -3.88442190e-01 -9.20975419e+00  2.94361997e-02  2.88437839e+00
  -1.03819156e+01  2.34277464e-02  4.65634869e+00 -1.10021766e+01
   1.92199759e-02  5.57565136e+00 -1.12828555e+01  1.63622115e-02
   5.79997119e+00 -1.13016783e+01  1.39475235e-02  5.30415201e+00
  -1.10341330e+01  6.21369628e-03  3.39102286e+00 -1.01829625e+01
  -2.41953889e-02  1.93587122e+00 -9.61246520e+00 -3.95333225e-02
   1.00721177e+00 -9.38084583e+00 -1.48660168e-02 -5.84192923e-01
  -8.89045870e+00  3.47735888e-02 -2.50556137e+00 -8.18519471e+00
   8.64896509e-02 -3.29190979e+00 -7.80273510e+00  9.53470224e-02
  -3.22942786e+00 -7.67845331e+00 -9.84172810e-03 -1.35683017e+00
  -8.39806198e+00 -2.71073900e-01]
 [ 1.03860484e+01 -5.72301585e+00  2.62979446e-01  1.28845090e+01
  -6.55808144e+00  2.54485246e-01  1.44493641e+01 -7.09473427e+00
   2.44153120e-01  1.53839671e+01 -7.42509185e+00  2.32010992e-01
   1.57383011e+01 -7.53873073e+00  2.25023011e-01  1.51015832e+01
  -7.27866030e+00  2.27726276e-01  1.28666822e+01 -6.42811846e+00
   2.37442333e-01  7.53236224e+00 -4.32188197e+00  2.51579768e-01
  -9.93464467e-01 -9.22128938e-01  2.58842720e-01 -1.33558858e+01
   3.93785042e+00  2.54906904e-01 -2.78471567e+01  9.56400803e+00
   2.43083547e-01 -4.00635880e+01  1.43214338e+01  2.31340229e-01
  -4.87887231e+01  1.76941376e+01  2.17457818e-01 -5.48503512e+01
   2.00387301e+01  1.92709957e-01 -5.88454855e+01  2.16061488e+01
   1.34946109e-01 -5.96846666e+01  2.19559520e+01  9.13070526e-02
  -5.70230792e+01  2.09728702e+01  7.49472940e-02 -5.30790809e+01
   1.95054289e+01  6.64296986e-02 -4.87297183e+01  1.78726241e+01
   6.11810248e-02 -4.42498077e+01  1.61860775e+01  5.47047696e-02
  -4.02465921e+01  1.47093029e+01  4.90492279e-02 -3.65829147e+01
   1.33675877e+01  4.49141391e-02 -3.28009357e+01  1.19555612e+01
   3.74011819e-02 -3.03017748e+01  1.10135602e+01  3.11867991e-02
  -2.92500749e+01  1.06452391e+01  2.07224833e-02 -2.92544102e+01
   1.07246250e+01 -3.49940052e-03 -2.98667765e+01  1.09539444e+01
   2.39271010e-03 -3.00002552e+01  1.09375642e+01  2.68390825e-02
  -3.00790687e+01  1.09433528e+01  4.09022264e-02 -2.98633885e+01
   1.08281209e+01  5.16260331e-02 -2.98043530e+01  1.07922807e+01
   5.93672409e-02 -2.94355915e+01  1.06389879e+01  7.32889496e-02
  -2.86906299e+01  1.03088361e+01  1.01891170e-01 -2.84603725e+01
   1.01702112e+01  1.25017966e-01 -2.90173269e+01  1.03205014e+01
   1.43553123e-01 -3.00943036e+01  1.06704560e+01  1.61450522e-01
  -3.09797462e+01  1.09704952e+01  1.76058274e-01 -3.17393144e+01
   1.11523564e+01  2.09053983e-01 -3.25798100e+01  1.13679953e+01
   2.49691767e-01 -3.27885018e+01  1.14900679e+01  2.65004778e-01
  -3.27350925e+01  1.16467493e+01  2.60738897e-01 -3.26543298e+01
   1.18308589e+01  2.48117822e-01 -3.25882352e+01  1.19970884e+01
   2.37443286e-01 -3.23470796e+01  1.21320556e+01  2.08820499e-01
  -3.16865739e+01  1.21415827e+01  1.59910799e-01 -3.13090249e+01
   1.22170356e+01  1.14619944e-01]
 [ 1.46442122e+00  7.97179640e-03  8.15087394e-02  1.11739975e+00
   2.05302239e-01  7.76179507e-02  8.63169568e-01  3.45533720e-01
   7.54076907e-02  7.11625994e-01  4.17513916e-01  7.59807994e-02
   6.39478077e-01  4.31133917e-01  7.56491261e-02  5.51119967e-01
   4.25163983e-01  7.38828557e-02  3.86135895e-01  4.16472171e-01
   7.51685970e-02  2.08771283e-01  3.80010606e-01  8.18616904e-02
   1.99020037e-01  2.56850169e-01  9.60516860e-02  2.83688422e-01
   1.23705511e-01  1.04698167e-01  3.34377994e-01 -2.58204509e-03
   1.06244175e-01  3.66812609e-01 -1.08355750e-01  1.11134311e-01
   3.94886906e-01 -1.79312725e-01  1.20544537e-01  4.34480751e-01
  -2.30703392e-01  1.35469276e-01  4.84598740e-01 -2.70034418e-01
   1.53064376e-01  5.88967533e-01 -3.51486344e-01  1.63569739e-01
   6.80978415e-01 -4.46362717e-01  1.74738153e-01  5.81638421e-01
  -4.63905314e-01  1.94960928e-01  2.40186121e-01 -3.63665933e-01
   2.24367625e-01 -1.34966089e-01 -2.19529140e-01  2.46851335e-01
  -3.58159264e-01 -1.10951388e-01  2.49585094e-01 -4.92900527e-01
  -9.21461989e-03  2.42461064e-01 -6.49784291e-01  1.14308874e-01
   2.38053935e-01 -8.09363359e-01  2.54629552e-01  2.33338407e-01
  -9.19351347e-01  4.03404732e-01  2.27294469e-01 -9.58681543e-01
   5.16905091e-01  2.18048170e-01 -9.30935819e-01  5.97062306e-01
   2.03534425e-01 -8.30905720e-01  6.29319396e-01  1.87820743e-01
  -6.84513531e-01  6.02817184e-01  1.73480409e-01 -6.49429681e-01
   6.36125082e-01  1.60766245e-01 -6.42900719e-01  6.62624652e-01
   1.54851798e-01 -5.44704776e-01  6.47821442e-01  1.48374281e-01
  -4.35545642e-01  6.33040627e-01  1.43672603e-01 -4.26231390e-01
   5.63440074e-01  1.51986140e-01 -4.72571353e-01  4.64090654e-01
   1.64966327e-01 -4.60218647e-01  3.49229563e-01  1.76671652e-01
  -4.64816803e-01  2.40497999e-01  1.85397075e-01 -5.16381802e-01
   1.60100127e-01  1.88770430e-01 -5.90650449e-01  1.07130417e-01
   1.89910485e-01 -6.56664532e-01  8.11028132e-02  1.91342482e-01
  -6.83900228e-01  5.88288893e-02  1.94939427e-01 -6.81568866e-01
   6.07865127e-02  1.94635622e-01 -6.49203526e-01  8.95134191e-02
   1.93266452e-01 -5.89892708e-01  1.07334002e-01  1.92435027e-01
  -5.63221022e-01  1.21781115e-01  1.91171884e-01 -5.46691139e-01
   1.31200586e-01  1.93332720e-01]
 [ 7.75993511e-02  1.22818937e+01  9.48612347e-02  1.98631851e+00
   1.16678638e+01  9.29001598e-02  4.88521702e+00  1.06846839e+01
   9.21847654e-02  7.95071659e+00  9.58077620e+00  8.76664096e-02
   1.11101669e+01  8.50366084e+00  4.16627013e-02  1.69978844e+01
   6.35296293e+00  6.04707158e-03  2.47811448e+01  3.42779867e+00
  -4.75257762e-03  3.40060659e+01 -1.03977710e-01 -1.36031545e-02
   4.45877674e+01 -4.13546210e+00 -2.07819658e-02  5.46107870e+01
  -7.96738778e+00 -2.58930143e-02  6.59259367e+01 -1.23468957e+01
  -3.20256481e-02  7.72648504e+01 -1.68108507e+01 -4.06245269e-02
   8.36180282e+01 -1.93349481e+01 -4.51994547e-02  8.48715000e+01
  -1.98763476e+01 -4.66055658e-02  8.50616809e+01 -2.01529460e+01
  -3.69530714e-02  8.66130536e+01 -2.11436293e+01 -2.53796659e-02
   8.64804736e+01 -2.13848641e+01 -5.64987807e-02  8.61575473e+01
  -2.15307161e+01 -6.21806925e-02  8.79040796e+01 -2.26230077e+01
   7.89438642e-03  8.75831327e+01 -2.27496732e+01  1.02844556e-02
   8.76929234e+01 -2.29826230e+01  1.10241667e-02  8.82604600e+01
  -2.33914388e+01  1.15292635e-02  8.85273765e+01 -2.36902601e+01
   1.20100292e-02  8.88795684e+01 -2.40948611e+01  1.26336146e-02
   8.94208190e+01 -2.46554869e+01  1.33948331e-02  8.95510115e+01
  -2.51119981e+01  1.43057609e-02  8.90337412e+01 -2.53854027e+01
   1.55802823e-02  8.76762969e+01 -2.53060912e+01  1.71862303e-02
   8.59155767e+01 -2.49760894e+01  2.00727667e-02  8.39913724e+01
  -2.47366661e+01  7.79598739e-02  8.38478620e+01 -2.50276786e+01
  -6.77295061e-03  8.40492838e+01 -2.54256325e+01 -7.80633008e-02
   8.41284261e+01 -2.57654656e+01 -1.16254235e-01  8.28199949e+01
  -2.57531329e+01 -7.00129887e-02  8.15194665e+01 -2.60918010e+01
   3.90687432e-02  8.14762156e+01 -2.69580144e+01  9.70810616e-02
   8.19511364e+01 -2.80556638e+01  1.23887998e-01  8.26262031e+01
  -2.93039567e+01  1.42324912e-01  8.35300920e+01 -3.07072024e+01
   1.48589464e-01  8.49527363e+01 -3.25021356e+01  1.38489864e-01
   8.66212089e+01 -3.45273185e+01  1.21662519e-01  8.84926573e+01
  -3.66252052e+01  1.01423015e-01  9.02450745e+01 -3.85636780e+01
   9.95025012e-02  9.11806231e+01 -4.00948792e+01  1.56179771e-01
   9.21602222e+01 -4.15085202e+01  1.88257596e-01  9.34104127e+01
  -4.26229549e+01  1.29881066e-01]]

