Coefficients evaluated at each u in N by 3T dimension:
[[-3.18507657e+01  2.61841825e+01 -5.39717167e+00  4.79491002e+01]
 [-3.13302534e+01  2.93259853e+01 -5.51922575e+00  4.07218146e+01]
 [-3.10328244e+01  3.12638069e+01 -5.05400270e+00  3.70902586e+01]
 [-3.08025132e+01  3.32917236e+01 -4.48595375e+00  3.45365860e+01]
 [-3.05181940e+01  4.12776189e+01 -4.72593126e+00  3.56838787e+01]
 [-3.04606457e+01  4.42473155e+01 -4.26376481e+00  3.13082031e+01]
 [-3.03190843e+01  4.64366745e+01 -4.10069391e+00  3.04370197e+01]
 [-2.94206840e+01  4.74928424e+01 -4.62624957e+00  2.94604495e+01]
 [-2.71925421e+01  4.70535916e+01 -6.59831079e+00  2.82392913e+01]
 [-2.45492111e+01  4.89991872e+01 -9.19249395e+00  2.74026996e+01]
 [-2.17271653e+01  4.66515523e+01 -1.22336164e+01  2.65850141e+01]
 [-1.85696405e+01  4.05724021e+01 -1.61768183e+01  2.60420210e+01]
 [-1.55523673e+01  4.70319806e+01 -2.01424871e+01  2.55898810e+01]
 [-1.27206226e+01  5.29348475e+01 -2.41044768e+01  2.72575059e+01]
 [-1.01484903e+01  4.92187729e+01 -2.77535398e+01  2.67780522e+01]
 [-7.94960115e+00  4.70194311e+01 -3.09081531e+01  2.61569655e+01]
 [-6.05437704e+00  5.01158679e+01 -3.42031998e+01  2.36106759e+01]
 [-4.49411711e+00  5.08858549e+01 -3.67883181e+01  2.33325831e+01]
 [-3.23018766e+00  4.81348837e+01 -3.88948266e+01  2.30551669e+01]
 [-2.46739573e+00  4.74643975e+01 -4.02232387e+01  2.26758772e+01]
 [-1.62389332e+00  4.82466986e+01 -4.14948621e+01  2.23916465e+01]
 [-6.89937672e-02  4.64427147e+01 -4.31465851e+01  2.18524231e+01]
 [ 2.18806708e+00  4.56479355e+01 -4.54776289e+01  2.12640679e+01]
 [ 4.85955418e+00  4.55250431e+01 -4.88435991e+01  2.09789231e+01]
 [ 7.52890323e+00  4.50368706e+01 -5.10108065e+01  2.01629697e+01]
 [ 9.76157076e+00  4.57577782e+01 -5.25979276e+01  1.99396877e+01]
 [ 1.10520197e+01  5.05143143e+01 -5.36273229e+01  1.96059637e+01]
 [ 1.14694601e+01  5.09144427e+01 -5.56126069e+01  2.11676635e+01]
 [ 1.14516148e+01  4.93523568e+01 -5.59644607e+01  2.12069966e+01]
 [ 1.13259771e+01  4.97161533e+01 -5.69539373e+01  2.16347738e+01]
 [ 1.10447161e+01  4.81914984e+01 -5.67798767e+01  2.23139686e+01]
 [ 1.04641815e+01  4.74630069e+01 -5.13939570e+01  2.03998909e+01]
 [ 9.40400013e+00  4.53073304e+01 -5.50322864e+01  2.27848968e+01]
 [ 7.80810950e+00  4.84135733e+01 -5.39485462e+01  2.32617454e+01]
 [-3.18507657e+01  3.20936400e+01 -3.59657980e+00  1.15290219e+00]
 [-3.13302534e+01  3.41360717e+01 -3.86447327e+00  1.14681022e+00]
 [-3.10328244e+01  3.67326197e+01 -3.88003188e+00  1.14844457e+00]
 [-3.08025132e+01  3.64415157e+01 -3.59238150e+00  1.11423857e+00]
 [-3.05181940e+01  3.52118632e+01 -3.31918384e+00  1.09523278e+00]
 [-3.04606457e+01  3.28244399e+01 -2.97042155e+00  1.12257652e+00]
 [-3.03190843e+01  3.20614762e+01 -2.87119773e+00  1.10129655e+00]
 [-2.94206840e+01  3.16763531e+01 -3.33762320e+00  1.10717365e+00]
 [-2.71925421e+01  2.99126208e+01 -4.78215367e+00  1.08257131e+00]
 [-2.45492111e+01  2.99295187e+01 -6.65663307e+00  1.05701305e+00]
 [-2.17271653e+01  2.82092411e+01 -8.90718186e+00  1.03129525e+00]
 [-1.85696405e+01  2.75606714e+01 -1.19427604e+01  1.02639705e+00]
 [-1.55523673e+01  2.79043863e+01 -1.49578334e+01  1.01697065e+00]
 [-1.27206226e+01  2.77560093e+01 -1.78800403e+01  1.00550152e+00]
 [-1.01484903e+01  2.82044548e+01 -2.08595732e+01  1.00469926e+00]
 [-7.94960115e+00  2.77360341e+01 -2.35236979e+01  9.99215539e-01]
 [-6.05437704e+00  2.75294849e+01 -2.58548557e+01  9.94788440e-01]
 [-4.49411711e+00  2.83183696e+01 -2.83839809e+01  1.01077914e+00]
 [-3.23018766e+00  2.83135391e+01 -2.99259578e+01  8.89704669e-01]
 [-2.46739573e+00  2.89519603e+01 -3.13057723e+01  9.20460649e-01]
 [-1.62389332e+00  3.26856669e+01 -3.23631807e+01  9.15525601e-01]
 [-6.89937672e-02  3.19461200e+01 -3.34230313e+01  8.08073237e-01]
 [ 2.18806708e+00  2.97372455e+01 -3.43117130e+01  7.70011714e-01]
 [ 4.85955418e+00  2.97490413e+01 -3.74921401e+01  7.72994289e-01]
 [ 7.52890323e+00  2.90240616e+01 -3.99411480e+01  5.49891771e-01]
 [ 9.76157076e+00  2.70095295e+01 -4.08371517e+01  5.26334721e-01]
 [ 1.10520197e+01  2.84416083e+01 -4.25156285e+01  5.27763634e-01]
 [ 1.14694601e+01  2.79420707e+01 -4.15615583e+01  5.09139504e-01]
 [ 1.14516148e+01  2.81552445e+01 -4.24507758e+01  5.19992527e-01]
 [ 1.13259771e+01  2.76038950e+01 -4.15056267e+01  5.12307183e-01]
 [ 1.10447161e+01  2.69645983e+01 -4.06800875e+01  5.56707268e-01]
 [ 1.04641815e+01  3.41503386e+01 -3.94303631e+01  7.00359166e-01]
 [ 9.40400013e+00  2.92392066e+01 -3.84983908e+01  7.02915221e-01]
 [ 7.80810950e+00  2.61310147e+01 -3.69556639e+01  7.09945028e-01]
 [-3.18507657e+01  2.67756933e+01 -4.13015680e+00  1.45464962e+01]
 [-3.13302534e+01  2.58223871e+01 -4.36017255e+00  1.31256166e+01]
 [-3.10328244e+01  1.99861867e+01 -4.44312268e+00  1.32887995e+01]
 [-3.08025132e+01  1.85371188e+01 -4.11153344e+00  1.27915482e+01]
 [-3.05181940e+01  2.00254153e+01 -3.84566389e+00  1.26078989e+01]
 [-3.04606457e+01  1.64294253e+01 -3.54228679e+00  1.25370803e+01]
 [-3.03190843e+01  1.53967656e+01 -3.33416026e+00  9.07368893e+00]
 [-2.94206840e+01  1.56003355e+01 -3.78626978e+00  8.92910383e+00]
 [-2.71925421e+01  1.38753015e+01 -5.30110096e+00  8.47142290e+00]
 [-2.45492111e+01  1.35120858e+01 -7.39529692e+00  8.25712525e+00]
 [-2.17271653e+01  1.36382170e+01 -1.03615478e+01  7.47146499e+00]
 [-1.85696405e+01  1.60460719e+01 -1.36454907e+01  7.32233305e+00]
 [-1.55523673e+01  1.80076656e+01 -1.85830907e+01  7.84979141e+00]
 [-1.27206226e+01  1.96794348e+01 -2.24152220e+01  7.80618322e+00]
 [-1.01484903e+01  1.79386527e+01 -2.48193336e+01  7.24148382e+00]
 [-7.94960115e+00  1.72774786e+01 -2.75794386e+01  7.07989891e+00]
 [-6.05437704e+00  1.60456860e+01 -3.00640144e+01  6.94825783e+00]
 [-4.49411711e+00  1.60421120e+01 -3.39306106e+01  7.80678154e+00]
 [-3.23018766e+00  1.56333643e+01 -3.62603804e+01  7.82064699e+00]
 [-2.46739573e+00  1.62480518e+01 -3.76760723e+01  7.71093759e+00]
 [-1.62389332e+00  1.86725603e+01 -4.07103268e+01  7.96630835e+00]
 [-6.89937672e-02  1.91418302e+01 -4.04065954e+01  7.45215218e+00]
 [ 2.18806708e+00  1.83469995e+01 -4.35536435e+01  7.29452669e+00]
 [ 4.85955418e+00  1.81991411e+01 -4.60668124e+01  7.19565868e+00]
 [ 7.52890323e+00  1.95608880e+01 -4.96524588e+01  7.12091117e+00]
 [ 9.76157076e+00  1.89967688e+01 -5.15411526e+01  6.58015288e+00]
 [ 1.10520197e+01  1.91112427e+01 -5.25087531e+01  6.55654467e+00]
 [ 1.14694601e+01  1.91525696e+01 -5.34072345e+01  6.75232190e+00]
 [ 1.14516148e+01  1.93511667e+01 -5.33120071e+01  7.22397703e+00]
 [ 1.13259771e+01  1.89274262e+01 -5.32535480e+01  7.05553350e+00]
 [ 1.10447161e+01  2.18667358e+01 -5.41006366e+01  6.98022765e+00]
 [ 1.04641815e+01  2.30728990e+01 -5.50480540e+01  7.28204559e+00]
 [ 9.40400013e+00  2.14367781e+01 -5.38317023e+01  7.38535919e+00]
 [ 7.80810950e+00  1.93829478e+01 -5.15998490e+01  7.37835459e+00]
 [-3.18507657e+01  1.29186997e+01 -3.99737767e+00  4.64878909e+01]
 [-3.13302534e+01  1.02956588e+01 -4.25778364e+00  4.59965239e+01]
 [-3.10328244e+01  9.70106920e+00 -4.23670261e+00  4.54229533e+01]
 [-3.08025132e+01  1.15366849e+01 -4.02002529e+00  4.46725958e+01]
 [-3.05181940e+01  1.39936681e+01 -3.71097194e+00  4.32692241e+01]
 [-3.04606457e+01  1.25980457e+01 -3.28690781e+00  4.12653069e+01]
 [-3.03190843e+01  1.10590376e+01 -3.09705561e+00  3.91982571e+01]
 [-2.94206840e+01  1.11903024e+01 -3.44757649e+00  3.74455755e+01]
 [-2.71925421e+01  1.18839033e+01 -5.10439730e+00  3.57620642e+01]
 [-2.45492111e+01  1.18960567e+01 -7.33209017e+00  3.56572821e+01]
 [-2.17271653e+01  1.34190446e+01 -1.01066371e+01  3.56540163e+01]
 [-1.85696405e+01  1.45644416e+01 -1.35497426e+01  3.53954195e+01]
 [-1.55523673e+01  1.50644789e+01 -1.64738839e+01  3.39006761e+01]
 [-1.27206226e+01  1.67552209e+01 -1.96637692e+01  3.32933852e+01]
 [-1.01484903e+01  1.85939465e+01 -2.38856396e+01  3.46491826e+01]
 [-7.94960115e+00  1.89301151e+01 -2.69276358e+01  3.44475756e+01]
 [-6.05437704e+00  1.64625854e+01 -2.88696856e+01  3.30725410e+01]
 [-4.49411711e+00  1.89240020e+01 -3.27434722e+01  3.44662586e+01]
 [-3.23018766e+00  1.73190914e+01 -3.29931767e+01  3.24423858e+01]
 [-2.46739573e+00  1.95631630e+01 -3.41131920e+01  3.19328559e+01]
 [-1.62389332e+00  1.74942656e+01 -3.59976956e+01  3.22483471e+01]
 [-6.89937672e-02  1.67733530e+01 -3.66744541e+01  3.07375289e+01]
 [ 2.18806708e+00  1.66818621e+01 -3.92393462e+01  3.03714009e+01]
 [ 4.85955418e+00  1.97821035e+01 -4.04446495e+01  2.87082168e+01]
 [ 7.52890323e+00  1.89225448e+01 -4.42662310e+01  2.83554615e+01]
 [ 9.76157076e+00  1.59802368e+01 -4.31246509e+01  2.57052907e+01]
 [ 1.10520197e+01  1.58725634e+01 -4.56225992e+01  2.54371642e+01]
 [ 1.14694601e+01  1.62723583e+01 -4.77086955e+01  2.56270071e+01]
 [ 1.14516148e+01  1.50437341e+01 -4.42847051e+01  2.41522472e+01]
 [ 1.13259771e+01  1.49167890e+01 -4.61116770e+01  2.58984814e+01]
 [ 1.10447161e+01  1.56655032e+01 -4.41925269e+01  2.58203774e+01]
 [ 1.04641815e+01  1.84011927e+01 -4.14854144e+01  1.89986396e+01]
 [ 9.40400013e+00  1.51417517e+01 -3.97400981e+01  1.87367050e+01]
 [ 7.80810950e+00  1.46663695e+01 -3.82555007e+01  1.85781068e+01]
 [-3.18507657e+01  1.40996740e+01 -3.40219126e+00  4.47266108e+01]
 [-3.13302534e+01  1.84761652e+01 -3.88736760e+00  4.71210485e+01]
 [-3.10328244e+01  2.19373370e+01 -3.98218221e+00  4.77643193e+01]
 [-3.08025132e+01  2.38850392e+01 -3.72974566e+00  4.38578521e+01]
 [-3.05181940e+01  2.04153147e+01 -3.41640531e+00  4.00161830e+01]
 [-3.04606457e+01  2.01174324e+01 -3.04679149e+00  3.72280636e+01]
 [-3.03190843e+01  1.94225014e+01 -2.92332313e+00  3.58406023e+01]
 [-2.94206840e+01  2.22426900e+01 -3.38197415e+00  3.54195429e+01]
 [-2.71925421e+01  2.01359856e+01 -5.07306735e+00  3.56387705e+01]
 [-2.45492111e+01  2.10945363e+01 -7.33067567e+00  3.55965943e+01]
 [-2.17271653e+01  2.04577551e+01 -9.44910234e+00  3.34202339e+01]
 [-1.85696405e+01  2.16435685e+01 -1.24874363e+01  3.25160095e+01]
 [-1.55523673e+01  2.25184280e+01 -1.56168025e+01  3.20138065e+01]
 [-1.27206226e+01  2.38968323e+01 -1.90825952e+01  3.19583406e+01]
 [-1.01484903e+01  2.36371954e+01 -2.16652628e+01  3.08323036e+01]
 [-7.94960115e+00  2.15614263e+01 -2.33689718e+01  3.04222411e+01]
 [-6.05437704e+00  2.31087464e+01 -2.63260624e+01  3.05275254e+01]
 [-4.49411711e+00  2.29838452e+01 -2.69580208e+01  2.88353809e+01]
 [-3.23018766e+00  2.24197516e+01 -2.85679040e+01  2.85695751e+01]
 [-2.46739573e+00  2.53274280e+01 -3.08383090e+01  2.93729870e+01]
 [-1.62389332e+00  2.63733455e+01 -3.11728864e+01  2.76868408e+01]
 [-6.89937672e-02  2.45902809e+01 -3.11261476e+01  2.49768177e+01]
 [ 2.18806708e+00  2.34265805e+01 -3.19586531e+01  2.38096569e+01]
 [ 4.85955418e+00  2.48241025e+01 -3.35938946e+01  2.30043523e+01]
 [ 7.52890323e+00  2.65496248e+01 -3.68032672e+01  2.09611368e+01]
 [ 9.76157076e+00  2.43582779e+01 -3.66861935e+01  1.90999823e+01]
 [ 1.10520197e+01  2.31508449e+01 -3.65628755e+01  1.82103922e+01]
 [ 1.14694601e+01  2.30185495e+01 -3.62693222e+01  1.80505244e+01]
 [ 1.14516148e+01  2.20480720e+01 -3.44516319e+01  1.77440023e+01]
 [ 1.13259771e+01  2.19810516e+01 -3.53239439e+01  1.98472683e+01]
 [ 1.10447161e+01  2.20764531e+01 -3.55281128e+01  1.76789020e+01]
 [ 1.04641815e+01  2.67555870e+01 -3.50687860e+01  2.02392765e+01]
 [ 9.40400013e+00  2.61986843e+01 -3.50090753e+01  2.21482122e+01]
 [ 7.80810950e+00  2.39450198e+01 -3.47313662e+01  2.38418471e+01]
 [-3.18507657e+01  3.55826102e+01 -3.40204383e+00  2.21365986e+00]
 [-3.13302534e+01  3.55142401e+01 -3.65081355e+00  2.17080100e+00]
 [-3.10328244e+01  3.57963418e+01 -3.62442500e+00  2.13292677e+00]
 [-3.08025132e+01  3.61067774e+01 -3.40437108e+00  2.09333320e+00]
 [-3.05181940e+01  3.75931666e+01 -3.15611673e+00  2.04978793e+00]
 [-3.04606457e+01  3.65447100e+01 -2.88619304e+00  2.00383196e+00]
 [-3.03190843e+01  3.65822364e+01 -2.77414522e+00  1.95201256e+00]
 [-2.94206840e+01  3.62080950e+01 -3.10614243e+00  1.88539245e+00]
 [-2.71925421e+01  3.52603432e+01 -4.41364255e+00  1.81744295e+00]
 [-2.45492111e+01  3.35928553e+01 -6.11420649e+00  1.75573420e+00]
 [-2.17271653e+01  3.41721816e+01 -8.44046360e+00  1.76689195e+00]
 [-1.85696405e+01  3.37572575e+01 -1.10870057e+01  1.74254765e+00]
 [-1.55523673e+01  3.40062869e+01 -1.38234331e+01  1.71847714e+00]
 [-1.27206226e+01  3.44021053e+01 -1.61584177e+01  1.65938541e+00]
 [-1.01484903e+01  3.47430131e+01 -1.85203986e+01  1.62682957e+00]
 [-7.94960115e+00  3.42503472e+01 -2.04726618e+01  1.58014926e+00]
 [-6.05437704e+00  3.39711512e+01 -2.21343242e+01  1.53844140e+00]
 [-4.49411711e+00  3.37961511e+01 -2.38545193e+01  1.53430002e+00]
 [-3.23018766e+00  3.70552690e+01 -2.77349303e+01  1.67759437e+00]
 [-2.46739573e+00  3.86873907e+01 -2.93803674e+01  1.70632240e+00]
 [-1.62389332e+00  4.10862817e+01 -3.00438712e+01  1.67886368e+00]
 [-6.89937672e-02  4.21675029e+01 -3.24537873e+01  1.70620742e+00]
 [ 2.18806708e+00  4.15724502e+01 -3.38802073e+01  1.65130617e+00]
 [ 4.85955418e+00  4.15474481e+01 -3.56602690e+01  1.60539084e+00]
 [ 7.52890323e+00  4.09346074e+01 -3.70163055e+01  1.38537734e+00]
 [ 9.76157076e+00  3.99926964e+01 -3.83700443e+01  1.34126835e+00]
 [ 1.10520197e+01  3.96693674e+01 -3.98320678e+01  1.33954784e+00]
 [ 1.14694601e+01  3.84051723e+01 -3.93547771e+01  1.30172393e+00]
 [ 1.14516148e+01  3.81128862e+01 -3.91503797e+01  1.29335161e+00]
 [ 1.13259771e+01  3.81152298e+01 -4.02802609e+01  1.50654245e+00]
 [ 1.10447161e+01  3.61297604e+01 -3.89940263e+01  1.54604457e+00]
 [ 1.04641815e+01  3.97598300e+01 -3.80409670e+01  1.38406785e+00]
 [ 9.40400013e+00  3.97098516e+01 -3.90146445e+01  1.45893693e+00]
 [ 7.80810950e+00  4.18069288e+01 -4.07017163e+01  1.37608284e+00]
 [ 6.02343417e+01 -9.05753241e+00 -7.35949070e+01  1.05532285e+02]
 [ 6.74923514e+01 -1.36194188e+01 -7.97089407e+01  1.02690542e+02]
 [ 7.22349308e+01 -9.74226433e+00 -7.78437577e+01  9.34342457e+01]
 [ 7.50437711e+01 -8.92613823e+00 -8.07270899e+01  9.19084271e+01]
 [ 7.63989272e+01 -8.51911443e+00 -8.64367257e+01  9.45094225e+01]
 [ 7.53375644e+01 -9.42993818e+00 -9.11791727e+01  9.75611557e+01]
 [ 6.72082556e+01 -7.27951083e+00 -9.20430664e+01  1.03647225e+02]
 [ 4.21198845e+01 -2.67869933e+00 -8.71080120e+01  1.18798160e+02]
 [ 1.61797990e+01  1.15662521e+00 -7.59239115e+01  1.25872305e+02]
 [-6.82119024e+00  1.04688357e+00 -6.87506034e+01  1.49556822e+02]
 [-1.36943429e+01  6.56272460e-01 -6.54400411e+01  1.47758005e+02]
 [-1.06303584e+01  1.55498252e-01 -6.72836166e+01  1.45494886e+02]
 [-7.47632479e+00  1.25315358e+00 -6.95568156e+01  1.43293172e+02]
 [-7.05122353e+00  3.07984686e+00 -7.09577048e+01  1.43431009e+02]
 [-1.17388389e+01  4.64975630e+00 -7.22152375e+01  1.50422858e+02]
 [-1.74484502e+01  3.70985673e+00 -6.91557219e+01  1.53184341e+02]
 [-2.12044335e+01  3.04497076e+00 -6.88945310e+01  1.58571665e+02]
 [-2.72313507e+01  6.71511679e+00 -6.47643454e+01  1.53155830e+02]
 [-2.55233985e+01  9.77486629e+00 -6.56204749e+01  1.45851299e+02]
 [-1.41162659e+01  8.55630407e+00 -7.18114688e+01  1.41505000e+02]
 [ 2.43004891e+00  2.36730274e+00 -7.34321045e+01  1.27732283e+02]
 [ 2.24451511e+01 -5.19760202e+00 -8.47440680e+01  1.28697789e+02]
 [ 4.54131914e+01 -1.18572355e+01 -9.41809603e+01  1.22675647e+02]
 [ 7.47046542e+01 -1.76629151e+01 -1.09102400e+02  1.13788176e+02]
 [ 1.02848570e+02 -2.29768724e+01 -1.15041174e+02  9.53400238e+01]
 [ 1.21656863e+02 -1.44854742e+01 -1.25659759e+02  8.01005410e+01]
 [ 1.34207314e+02 -4.97458298e+00 -1.32636987e+02  6.50656221e+01]
 [ 1.49002357e+02 -2.05848250e+00 -1.42312688e+02  5.44598189e+01]
 [ 1.61665576e+02 -8.26550122e-01 -1.47046171e+02  4.43543571e+01]
 [ 1.73088683e+02 -1.78267043e+00 -1.50032456e+02  3.77510743e+01]
 [ 1.82950036e+02 -4.10930476e+00 -1.53974499e+02  3.24795332e+01]
 [ 1.80643391e+02 -7.13233545e+00 -1.46347255e+02  3.32662582e+01]
 [ 1.76945963e+02 -1.10156344e+01 -1.39871249e+02  3.51553209e+01]
 [ 1.73836307e+02 -1.38180007e+01 -1.35879655e+02  3.60095536e+01]
 [ 1.52592995e+02  6.45035824e-01  2.49703826e+01 -1.75425327e+02]
 [ 1.68946699e+02 -8.76107627e-02  3.57519441e+01 -2.02862584e+02]
 [ 1.71067169e+02 -1.02834335e+00  3.47144159e+01 -2.03556210e+02]
 [ 8.25534520e+01  1.00194234e+01 -1.29411008e+01 -7.84587736e+01]
 [ 2.09644179e+01  1.77793413e+01 -3.96121213e+01 -1.19122802e+00]
 [-4.06754238e+00  2.28877318e+01 -4.91281322e+01  2.63306503e+01]
 [ 2.20872447e+01  8.33877746e+00 -7.76253317e+01  4.05069588e+01]
 [ 4.01501932e+01  1.84361554e+00 -1.07215479e+02  5.65490993e+01]
 [ 5.76882625e+01 -8.69503051e-01 -1.36685149e+02  7.18106672e+01]
 [ 9.01871729e+01  8.08306188e-02 -1.80657795e+02  7.98346480e+01]
 [ 1.58480700e+02  1.26736982e+01 -2.94688087e+02  1.01968562e+02]
 [ 1.74134506e+02  2.28512775e+01 -3.38913862e+02  1.20354619e+02]
 [ 7.93562462e+01  2.70653326e+01 -2.50676536e+02  1.20183586e+02]
 [ 1.95277360e+01  1.24475192e+01 -1.83627467e+02  1.23122772e+02]
 [-4.09625255e+01 -6.74391262e+00 -1.39767524e+02  1.55367979e+02]
 [-1.16341905e+02 -1.54317997e+00 -1.94527902e+02  2.78702786e+02]
 [-1.06341463e+02  2.87697461e+00 -2.03963410e+02  2.65532633e+02]
 [-7.38093486e+01  1.35846571e+01 -1.75151146e+02  1.94644067e+02]
 [-3.67209403e+01  1.97607114e+01 -1.11083702e+02  8.78436144e+01]
 [-9.37423856e+00  6.87069375e+00 -4.41514025e+01  6.05382890e+00]
 [-1.07612675e+01  2.71011832e+00 -5.81957057e+01  2.35027425e+01]
 [-9.86512409e+00  1.31547249e+00 -6.66432479e+01  3.07871134e+01]
 [-9.91555722e+00  2.30081368e+00 -8.12745165e+01  4.03181876e+01]
 [-9.87646367e+00  7.49082760e+00 -8.58572673e+01  3.97316035e+01]
 [-1.22213751e+01  2.04005991e+01 -9.24330883e+01  3.40887700e+01]
 [-9.48510330e+00  3.38786945e+01 -9.44850000e+01  1.84832003e+01]
 [-1.24186139e+01  4.16371767e+01 -8.74358752e+01  3.51022571e+00]
 [-6.45591361e+01  2.96268817e+01 -2.78725260e+01  7.10465409e+00]
 [-1.28048556e+02  1.97762093e+01  4.70761156e+01  4.32465761e+00]
 [-1.38685892e+02  1.63453963e+01  6.71514080e+01 -1.22285984e+00]
 [-1.46165817e+02  9.19588271e+00  7.58418692e+01  2.25324765e+00]
 [-1.39365984e+02  9.11012316e+00  7.13950129e+01  6.36210295e-01]
 [-1.04949763e+02  8.48149137e+00  5.27750238e+01 -1.46287660e+01]
 [-7.58081528e+01 -2.11986320e+00  2.56256820e+01 -5.17208868e+00]
 [-3.18507657e+01  3.73965786e+01 -3.38398354e+00  1.25504425e+01]
 [-3.13302534e+01  3.70174996e+01 -3.52023082e+00  1.20733919e+01]
 [-3.10328244e+01  3.68526521e+01 -3.44128200e+00  1.17382967e+01]
 [-3.08025132e+01  3.95399539e+01 -3.44567851e+00  1.19453122e+01]
 [-3.05181940e+01  4.20222172e+01 -3.40217700e+00  9.74197655e+00]
 [-3.04606457e+01  3.96352625e+01 -3.10361931e+00  1.01928149e+01]
 [-3.03190843e+01  3.87917286e+01 -2.99723333e+00  9.95075867e+00]
 [-2.94206840e+01  3.87831772e+01 -3.40344301e+00  8.53057464e+00]
 [-2.71925421e+01  3.71946008e+01 -4.95742817e+00  8.40850987e+00]
 [-2.45492111e+01  3.62720481e+01 -6.98732420e+00  8.26421642e+00]
 [-2.17271653e+01  3.46915673e+01 -9.24148062e+00  7.96753811e+00]
 [-1.85696405e+01  3.24294104e+01 -1.19614907e+01  7.85581930e+00]
 [-1.55523673e+01  3.36617413e+01 -1.48342574e+01  8.21343971e+00]
 [-1.27206226e+01  3.34709980e+01 -1.77241470e+01  8.07853982e+00]
 [-1.01484903e+01  3.47822771e+01 -2.06900193e+01  8.06642439e+00]
 [-7.94960115e+00  3.41990907e+01 -2.30398893e+01  7.88409046e+00]
 [-6.05437704e+00  3.44568898e+01 -2.50712239e+01  7.77901813e+00]
 [-4.49411711e+00  3.50768449e+01 -2.70711556e+01  6.73641115e+00]
 [-3.23018766e+00  3.40251139e+01 -2.81606568e+01  6.58254482e+00]
 [-2.46739573e+00  3.61150036e+01 -3.01011417e+01  7.92949933e+00]
 [-1.62389332e+00  3.87172664e+01 -3.11569761e+01  7.89720144e+00]
 [-6.89937672e-02  3.85439393e+01 -3.33750695e+01  6.94009112e+00]
 [ 2.18806708e+00  3.76492708e+01 -3.55893922e+01  6.09903187e+00]
 [ 4.85955418e+00  3.84672293e+01 -3.75991016e+01  5.97840608e+00]
 [ 7.52890323e+00  3.81943667e+01 -3.93417432e+01  5.38150052e+00]
 [ 9.76157076e+00  3.73259891e+01 -4.07548702e+01  5.29107689e+00]
 [ 1.10520197e+01  3.74695311e+01 -4.25291694e+01  5.32382762e+00]
 [ 1.14694601e+01  3.62123168e+01 -4.29147591e+01  5.46037875e+00]
 [ 1.14516148e+01  3.66408178e+01 -4.39215972e+01  5.36766652e+00]
 [ 1.13259771e+01  3.55691370e+01 -4.33761425e+01  5.31197756e+00]
 [ 1.10447161e+01  3.50632815e+01 -4.28451428e+01  5.29939415e+00]
 [ 1.04641815e+01  4.20591851e+01 -4.32415622e+01  4.96434531e+00]
 [ 9.40400013e+00  4.13881034e+01 -4.28256487e+01  4.31272497e+00]
 [ 7.80810950e+00  3.89762339e+01 -3.98723953e+01  4.22973123e+00]
 [ 6.02343417e+01 -4.06335499e+01 -1.02452785e+02  1.00669048e+02]
 [ 6.74923514e+01 -3.54791957e+01 -1.08325283e+02  8.88368478e+01]
 [ 7.22349308e+01 -1.62887815e+01 -1.13202015e+02  7.07735028e+01]
 [ 7.50437711e+01 -1.99983839e+01 -1.17287979e+02  6.94718874e+01]
 [ 7.63989272e+01 -2.20798355e+01 -1.21167607e+02  6.91069414e+01]
 [ 7.53375644e+01 -1.42272044e+01 -1.23712126e+02  6.99761619e+01]
 [ 6.72082556e+01 -1.14249155e+01 -1.22949440e+02  7.36633924e+01]
 [ 4.21198845e+01 -3.52948410e+00 -1.16169758e+02  8.44337071e+01]
 [ 1.61797990e+01  1.63592431e+00 -1.07292142e+02  9.48903841e+01]
 [-6.82119024e+00  1.26701333e+00 -9.19960496e+01  1.02369013e+02]
 [-1.36943429e+01  6.60237211e-01 -8.61405909e+01  1.03087914e+02]
 [-1.06303584e+01  1.63927790e-01 -8.86700012e+01  1.02479907e+02]
 [-7.47632479e+00  1.19834019e+00 -9.18379554e+01  1.00959323e+02]
 [-7.05122353e+00  2.71155599e+00 -9.24714003e+01  9.87280457e+01]
 [-1.17388389e+01  4.11910974e+00 -8.95374707e+01  9.85335606e+01]
 [-1.74484502e+01  3.31929642e+00 -8.43176065e+01  9.87357213e+01]
 [-2.12044335e+01  2.77537549e+00 -8.04293471e+01  9.80568095e+01]
 [-2.72313507e+01  5.84451144e+00 -7.95832482e+01  9.94444589e+01]
 [-2.55233985e+01  8.22557737e+00 -8.05112579e+01  9.40070042e+01]
 [-1.41162659e+01  7.26690532e+00 -8.83499265e+01  9.17549739e+01]
 [ 2.43004891e+00  1.89378782e+00 -9.60968117e+01  8.80518539e+01]
 [ 2.24451511e+01 -4.94593523e+00 -1.07129876e+02  8.52333077e+01]
 [ 4.54131914e+01 -1.10082500e+01 -1.20176755e+02  8.09811256e+01]
 [ 7.47046542e+01 -1.55444658e+01 -1.41390704e+02  7.45371998e+01]
 [ 1.02848570e+02 -1.89814509e+01 -1.57525399e+02  6.58487038e+01]
 [ 1.21656863e+02 -1.22830063e+01 -1.67984978e+02  5.43488949e+01]
 [ 1.34207314e+02 -4.25821408e+00 -1.80121921e+02  4.50105996e+01]
 [ 1.49002357e+02 -1.63843947e+00 -1.89373275e+02  3.69567652e+01]
 [ 1.61665576e+02 -6.65113740e-01 -1.95660165e+02  2.91050490e+01]
 [ 1.73088683e+02 -1.50608082e+00 -1.99868545e+02  2.25534171e+01]
 [ 1.82950036e+02 -3.42452917e+00 -2.07732109e+02  1.99415552e+01]
 [ 1.80643391e+02 -7.41272633e+00 -2.02483313e+02  2.18429174e+01]
 [ 1.76945963e+02 -1.00992630e+01 -2.01027418e+02  2.25128453e+01]
 [ 1.73836307e+02 -1.37830212e+01 -1.96173499e+02  2.46563086e+01]
 [-3.18507657e+01  2.33807335e+01 -3.27737945e+00  1.41778713e+00]
 [-3.13302534e+01  2.33880831e+01 -3.49395733e+00  1.38374750e+00]
 [-3.10328244e+01  2.19103701e+01 -3.57057092e+00  1.40068939e+00]
 [-3.08025132e+01  2.53931622e+01 -3.53470053e+00  1.44831236e+00]
 [-3.05181940e+01  3.13004108e+01 -3.38472808e+00  1.45710461e+00]
 [-3.04606457e+01  2.41224131e+01 -3.03094018e+00  1.40271195e+00]
 [-3.03190843e+01  3.33411857e+01 -2.97093212e+00  1.39139464e+00]
 [-2.94206840e+01  3.27125599e+01 -3.40742669e+00  1.37288111e+00]
 [-2.71925421e+01  3.00152474e+01 -4.70853980e+00  1.28670177e+00]
 [-2.45492111e+01  2.85760498e+01 -6.44316279e+00  1.22613685e+00]
 [-2.17271653e+01  2.69723792e+01 -8.45822371e+00  1.17456606e+00]
 [-1.85696405e+01  2.68366252e+01 -1.13645010e+01  1.16801959e+00]
 [-1.55523673e+01  2.62228357e+01 -1.39783940e+01  1.13220234e+00]
 [-1.27206226e+01  2.58144028e+01 -1.62080376e+01  1.08182866e+00]
 [-1.01484903e+01  2.53000739e+01 -1.84022478e+01  1.05301432e+00]
 [-7.94960115e+00  2.71738637e+01 -2.18108409e+01  1.09776951e+00]
 [-6.05437704e+00  2.64970441e+01 -2.35130376e+01  1.06924437e+00]
 [-4.49411711e+00  2.76380985e+01 -2.63665900e+01  1.10814605e+00]
 [-3.23018766e+00  2.90751980e+01 -2.85366431e+01  1.12910950e+00]
 [-2.46739573e+00  3.12186210e+01 -2.98152888e+01  1.13139387e+00]
 [-1.62389332e+00  3.58222174e+01 -3.15432840e+01  1.14773817e+00]
 [-6.89937672e-02  3.55081498e+01 -3.34240237e+01  1.14015752e+00]
 [ 2.18806708e+00  3.59163409e+01 -3.57922705e+01  1.21889481e+00]
 [ 4.85955418e+00  3.77809850e+01 -3.76126852e+01  1.29429732e+00]
 [ 7.52890323e+00  3.58922105e+01 -4.07341873e+01  1.51369865e+00]
 [ 9.76157076e+00  3.44846757e+01 -4.24013301e+01  1.47158865e+00]
 [ 1.10520197e+01  3.32831835e+01 -4.37699279e+01  1.45490297e+00]
 [ 1.14694601e+01  3.15916143e+01 -4.38372111e+01  1.67012231e+00]
 [ 1.14516148e+01  2.97191711e+01 -4.26038022e+01  1.31375925e+00]
 [ 1.13259771e+01  3.01012931e+01 -4.29013082e+01  9.63916611e-01]
 [ 1.10447161e+01  3.01514071e+01 -4.26860466e+01  9.67615982e-01]
 [ 1.04641815e+01  3.76869521e+01 -4.28738293e+01  9.22546199e-01]
 [ 9.40400013e+00  3.55538244e+01 -4.18308663e+01  1.02822363e+00]
 [ 7.80810950e+00  3.16225817e+01 -3.85070825e+01  1.33521051e+00]
 [ 9.47622927e-01 -2.42365307e-03  9.27852647e-02 -1.14723796e-01]
 [ 1.02212857e+00  1.46153942e-02 -1.59670994e-01  4.58674367e-02]
 [ 1.24084998e+00  5.49521442e-02 -5.82842162e-01  2.07615018e-01]
 [ 1.54735777e+00  1.07433970e-01 -9.19766439e-01  1.78902709e-01]
 [ 1.94937638e+00  2.12667510e-01 -1.02752378e+00 -1.83788028e-01]
 [ 2.37951051e+00  2.30546597e-01 -9.22882339e-01 -7.57295862e-01]
 [ 3.64466114e+00  1.48255739e-01  3.65567393e-01 -3.24688896e+00]
 [ 5.01469993e+00  4.76306264e-02  1.47734134e+00 -5.65303034e+00]
 [ 4.96041072e+00  8.59427848e-04  1.24682857e+00 -5.37743252e+00]
 [ 5.18858170e+00 -1.62933321e-01  1.07004302e+00 -5.31823982e+00]
 [ 6.48962882e+00 -4.77515381e+00 -1.39991081e+01  1.29515937e+01]
 [ 6.55258374e+00 -6.67004790e+00 -2.03373636e+01  2.13047487e+01]
 [ 6.05774019e+00 -7.08142802e+00 -2.10008486e+01  2.29967903e+01]
 [ 5.00042592e+00 -6.79133676e+00 -1.96073572e+01  2.22295921e+01]
 [ 3.85709421e+00 -6.02869269e+00 -1.75697938e+01  2.05810136e+01]
 [ 2.74816436e+00 -5.22790806e+00 -1.76066565e+01  2.12675461e+01]
 [ 1.33142897e+00 -3.75435900e+00 -1.88846681e+01  2.24521868e+01]
 [-6.02934582e-01 -1.28917346e+00 -1.85234034e+01  2.15376739e+01]
 [-2.64393694e+00  1.02044691e+00 -9.47884387e+00  1.22437522e+01]
 [-2.56530930e+00  1.78097728e+00 -6.27563645e+00  8.38285739e+00]
 [-8.82129361e-01  2.45989650e+00 -2.94502441e-01  9.34628169e-03]
 [-1.95133914e-01  1.84984028e+00 -3.59931713e-01 -7.29078480e-02]
 [ 4.71025692e-02  9.36925761e-01  3.47468801e-01 -1.52232833e-01]
 [-2.56863689e-01  7.68064212e-02  1.57385729e+00 -2.06916547e-01]
 [-4.76569874e-01  5.91667253e-01  1.38158885e+00 -2.02534585e-01]
 [-8.49425922e-01  1.00004788e+00  1.31450807e+00 -2.02938286e-01]
 [-1.42664168e+00  1.13312688e+00  1.84408875e+00 -4.60511339e-01]
 [-3.08140794e+00  6.43552175e-01  4.21873735e+00 -6.22016453e-01]
 [-5.07848100e+00  7.84082527e-01  6.02163187e+00 -7.12087811e-01]
 [-7.15221507e+00  1.82215889e+00  7.41560328e+00 -7.66398063e-01]
 [-8.09999065e+00  1.95906511e+00  8.02010628e+00 -8.49129351e-01]
 [-8.35400601e+00  2.14466173e+00  8.07224374e+00 -7.92001222e-01]
 [-8.89562320e+00  2.19007246e+00  9.01297610e+00 -9.96717328e-01]
 [-9.28218165e+00  2.51347819e+00  9.79595532e+00 -1.39960641e+00]
 [-3.18507657e+01  1.65422510e+01 -3.42506955e+00  3.85958442e+01]
 [-3.13302534e+01  1.67147576e+01 -3.76535116e+00  3.87681918e+01]
 [-3.10328244e+01  1.74583154e+01 -3.88293261e+00  3.94062567e+01]
 [-3.08025132e+01  1.84787091e+01 -3.76221184e+00  3.90612837e+01]
 [-3.05181940e+01  1.82891112e+01 -3.37131288e+00  3.66059363e+01]
 [-3.04606457e+01  1.46190578e+01 -2.91611571e+00  3.39834148e+01]
 [-3.03190843e+01  1.38931778e+01 -2.80366612e+00  3.28882093e+01]
 [-2.94206840e+01  1.58132492e+01 -3.13422939e+00  3.16030293e+01]
 [-2.71925421e+01  1.58902770e+01 -4.39222038e+00  2.80214109e+01]
 [-2.45492111e+01  1.51911587e+01 -6.04018944e+00  2.70242145e+01]
 [-2.17271653e+01  1.54737287e+01 -8.49802604e+00  2.75366736e+01]
 [-1.85696405e+01  1.66247908e+01 -1.12495085e+01  2.54470239e+01]
 [-1.55523673e+01  1.78259880e+01 -1.40245429e+01  2.48036545e+01]
 [-1.27206226e+01  2.20816670e+01 -1.68533990e+01  2.43081755e+01]
 [-1.01484903e+01  1.59991730e+01 -1.99369304e+01  2.42810258e+01]
 [-7.94960115e+00  1.72557614e+01 -2.28581362e+01  2.43425487e+01]
 [-6.05437704e+00  1.76240042e+01 -2.53273506e+01  2.42350247e+01]
 [-4.49411711e+00  1.68376707e+01 -2.70770273e+01  2.39837451e+01]
 [-3.23018766e+00  1.72722043e+01 -2.77368266e+01  2.24583605e+01]
 [-2.46739573e+00  1.70453418e+01 -2.93396399e+01  2.29515519e+01]
 [-1.62389332e+00  1.90720896e+01 -2.99095465e+01  2.26919148e+01]
 [-6.89937672e-02  1.91507109e+01 -3.16876590e+01  2.23558879e+01]
 [ 2.18806708e+00  1.73222148e+01 -3.19214508e+01  2.08321784e+01]
 [ 4.85955418e+00  1.89317185e+01 -3.55046251e+01  2.13401545e+01]
 [ 7.52890323e+00  1.76057424e+01 -3.61646729e+01  1.99973020e+01]
 [ 9.76157076e+00  1.74517499e+01 -3.83669605e+01  1.97348416e+01]
 [ 1.10520197e+01  1.68946616e+01 -3.83336372e+01  1.87870809e+01]
 [ 1.14694601e+01  1.65303602e+01 -3.97996698e+01  1.91725389e+01]
 [ 1.14516148e+01  1.63407325e+01 -3.93767119e+01  1.89601056e+01]
 [ 1.13259771e+01  1.61932569e+01 -3.95774515e+01  1.94549687e+01]
 [ 1.10447161e+01  1.49946473e+01 -3.81300571e+01  1.91322802e+01]
 [ 1.04641815e+01  1.82977067e+01 -3.81056691e+01  1.91963005e+01]
 [ 9.40400013e+00  1.98175411e+01 -3.78177113e+01  1.96605805e+01]
 [ 7.80810950e+00  1.81741573e+01 -3.64399564e+01  1.92074579e+01]
 [-3.18507657e+01  2.98780454e+01 -3.63920744e+00  1.16480642e+00]
 [-3.13302534e+01  3.27650234e+01 -4.13388519e+00  1.22762999e+00]
 [-3.10328244e+01  3.28847160e+01 -3.99237265e+00  1.18081846e+00]
 [-3.08025132e+01  3.40498049e+01 -3.75503641e+00  1.15916344e+00]
 [-3.05181940e+01  3.36295870e+01 -3.48978690e+00  1.13929039e+00]
 [-3.04606457e+01  3.36901973e+01 -3.25443588e+00  1.14277453e+00]
 [-3.03190843e+01  3.27270149e+01 -3.06734713e+00  1.09947963e+00]
 [-2.94206840e+01  3.09637278e+01 -3.42016091e+00  1.05626987e+00]
 [-2.71925421e+01  2.95343649e+01 -4.95592220e+00  1.03465530e+00]
 [-2.45492111e+01  2.90707712e+01 -7.11442600e+00  1.09874885e+00]
 [-2.17271653e+01  2.85852153e+01 -9.62001711e+00  1.08185770e+00]
 [-1.85696405e+01  2.86519546e+01 -1.35107049e+01  1.12500084e+00]
 [-1.55523673e+01  3.01382416e+01 -1.61450147e+01  1.28457201e+00]
 [-1.27206226e+01  2.95775115e+01 -1.83501458e+01  1.20345399e+00]
 [-1.01484903e+01  3.04099348e+01 -2.11238286e+01  1.18377200e+00]
 [-7.94960115e+00  3.13994902e+01 -2.40193212e+01  1.17771991e+00]
 [-6.05437704e+00  3.32576053e+01 -2.71075426e+01  1.19990494e+00]
 [-4.49411711e+00  3.40586816e+01 -2.95139585e+01  1.21581253e+00]
 [-3.23018766e+00  3.28020497e+01 -3.01322486e+01  1.16741499e+00]
 [-2.46739573e+00  3.73076274e+01 -3.24889536e+01  1.20193401e+00]
 [-1.62389332e+00  4.00886602e+01 -3.34929234e+01  1.18435627e+00]
 [-6.89937672e-02  3.76350899e+01 -3.36450509e+01  1.11833295e+00]
 [ 2.18806708e+00  3.16306172e+01 -3.46834563e+01  1.07945229e+00]
 [ 4.85955418e+00  3.12382611e+01 -3.65918865e+01  1.05194551e+00]
 [ 7.52890323e+00  2.94039151e+01 -3.86834931e+01  1.01334266e+00]
 [ 9.76157076e+00  2.89777837e+01 -4.08166269e+01  1.00203845e+00]
 [ 1.10520197e+01  2.83619411e+01 -4.19231654e+01  9.92320247e-01]
 [ 1.14694601e+01  2.75134231e+01 -4.21245105e+01  9.81872969e-01]
 [ 1.14516148e+01  2.66788172e+01 -4.16474877e+01  9.21163246e-01]
 [ 1.13259771e+01  2.73469636e+01 -4.30587774e+01  9.60694329e-01]
 [ 1.10447161e+01  2.66029221e+01 -4.22363293e+01  1.02597592e+00]
 [ 1.04641815e+01  3.42760652e+01 -4.14369590e+01  1.09248405e+00]
 [ 9.40400013e+00  3.15113871e+01 -4.12869533e+01  1.37183237e+00]
 [ 7.80810950e+00  3.03398319e+01 -4.04294979e+01  1.40294423e+00]
 [-3.18507657e+01  2.91124230e+01 -4.50377757e+00  3.14455430e+00]
 [-3.13302534e+01  2.94362427e+01 -4.78510861e+00  2.41643743e+00]
 [-3.10328244e+01  2.98532146e+01 -4.67439025e+00  2.36257626e+00]
 [-3.08025132e+01  3.05183731e+01 -4.41228966e+00  2.33973313e+00]
 [-3.05181940e+01  3.12536369e+01 -4.29260294e+00  2.41058613e+00]
 [-3.04606457e+01  2.98919707e+01 -3.83748178e+00  2.33521557e+00]
 [-3.03190843e+01  2.96821461e+01 -3.66037235e+00  2.26848648e+00]
 [-2.94206840e+01  2.90430621e+01 -4.13351233e+00  2.21802655e+00]
 [-2.71925421e+01  2.78342844e+01 -5.91134738e+00  2.15738216e+00]
 [-2.45492111e+01  2.63163646e+01 -8.11501835e+00  2.07042603e+00]
 [-2.17271653e+01  2.57150396e+01 -1.08574063e+01  2.03126007e+00]
 [-1.85696405e+01  2.55546693e+01 -1.43605623e+01  2.00772126e+00]
 [-1.55523673e+01  2.69408310e+01 -1.80958668e+01  2.00366876e+00]
 [-1.27206226e+01  2.78412752e+01 -2.14745891e+01  1.96892544e+00]
 [-1.01484903e+01  2.87428507e+01 -2.50983152e+01  1.97308627e+00]
 [-7.94960115e+00  2.84785457e+01 -2.80016245e+01  1.93920286e+00]
 [-6.05437704e+00  2.95414467e+01 -3.14307716e+01  1.97381780e+00]
 [-4.49411711e+00  2.99670445e+01 -3.43909644e+01  1.99887911e+00]
 [-3.23018766e+00  3.06257761e+01 -3.60762399e+01  1.97211501e+00]
 [-2.46739573e+00  3.33563166e+01 -3.75700477e+01  1.97195367e+00]
 [-1.62389332e+00  3.72729852e+01 -3.87078511e+01  1.88204961e+00]
 [-6.89937672e-02  3.51299581e+01 -3.98489546e+01  1.82521354e+00]
 [ 2.18806708e+00  3.47825062e+01 -4.29615069e+01  1.83050506e+00]
 [ 4.85955418e+00  3.30228776e+01 -4.55614348e+01  1.75673899e+00]
 [ 7.52890323e+00  3.12566149e+01 -4.77780194e+01  1.70059344e+00]
 [ 9.76157076e+00  3.11270330e+01 -5.07924781e+01  1.69428073e+00]
 [ 1.10520197e+01  3.04221569e+01 -5.17278594e+01  1.65827963e+00]
 [ 1.14694601e+01  3.04612777e+01 -5.20350690e+01  2.13395758e+00]
 [ 1.14516148e+01  3.02801654e+01 -5.22552192e+01  3.18358991e+00]
 [ 1.13259771e+01  3.05637459e+01 -5.28067690e+01  3.13819466e+00]
 [ 1.10447161e+01  3.11209064e+01 -5.31591393e+01  3.07135908e+00]
 [ 1.04641815e+01  3.71713225e+01 -5.00992502e+01  2.71777744e+00]
 [ 9.40400013e+00  3.58492864e+01 -4.94873639e+01  2.15548779e+00]
 [ 7.80810950e+00  3.21521146e+01 -5.11147687e+01  2.00850441e+00]]