Coefficients evaluated at each u in N by 3T dimension:
[[ 7.58556560e+01 -9.35422375e+00 -4.48916046e+00 -1.98795252e+01]
 [ 7.72574371e+01 -1.01018029e+01 -1.16255651e+01 -1.19273815e+01]
 [ 7.70050998e+01 -1.00415838e+01 -1.53797666e+01 -7.14341238e+00]
 [ 7.63731087e+01 -1.02205439e+01 -1.73596751e+01 -4.05325445e+00]
 [ 7.49273021e+01 -1.16397242e+01 -2.32651351e+01 -5.82397068e-01]
 [ 6.98352491e+01 -5.65837923e+00 -3.77971612e+01  1.15958570e+01]
 [ 6.07916410e+01 -8.76933600e-01 -4.56935972e+01  2.29740209e+01]
 [ 3.74925949e+01 -6.29383142e+00 -2.70956720e+01  3.21732360e+01]
 [ 3.67242681e+01 -1.40078338e+01 -1.52204856e+01  2.79718423e+01]
 [ 5.76228043e+01 -1.55618699e+01 -2.83361518e+01  2.04621537e+01]
 [ 1.53857414e+02 -8.34189335e+00 -1.19215921e+02  8.41878137e+00]
 [ 1.19207795e+02 -8.38581354e+00 -9.00700036e+01  1.43399464e+01]
 [ 5.26396054e+01 -1.28533903e+01 -3.24381090e+01  2.57924298e+01]
 [-1.19537541e+02 -1.81652111e+01  1.41702350e+02  2.98844480e+01]
 [-2.50718541e+02 -1.96241555e+01  2.79616469e+02  2.52359037e+01]
 [-2.77860889e+02 -1.98755243e+01  3.06745546e+02  2.31406505e+01]
 [-2.92578278e+02 -2.23557998e+01  3.25270243e+02  2.00251194e+01]
 [-1.65536095e+02 -9.42793360e+00  1.78860651e+02  2.50801776e+01]
 [-1.33883480e+01  1.30047981e+01  2.79575790e+00  2.55826414e+01]
 [ 1.20851271e+01  1.85923374e+01 -2.96310051e+01  2.59858228e+01]
 [-2.97578813e+01  1.32824273e+01  1.05099344e+01  3.25587678e+01]
 [-8.03622410e-01  1.05515163e+00 -1.89759706e+01  4.47504098e+01]
 [ 7.02562354e+01 -1.46181829e+01 -1.05488476e+02  7.57863918e+01]
 [ 7.41069400e+01 -1.56165632e+01 -9.37458119e+01  6.01477752e+01]
 [ 6.06553692e+01 -1.36901390e+01 -6.67814860e+01  4.48256711e+01]
 [ 9.40144280e+00 -6.82736280e+00  1.05282501e+01  1.20807649e+01]
 [-2.26823093e+00 -4.99861114e+00  2.56287299e+01  5.95502605e+00]
 [-6.35307510e+00 -3.71348516e+00  3.00622435e+01  5.48110144e+00]
 [-8.16775281e+00 -2.55324764e+00  3.01848951e+01  6.25981362e+00]
 [-8.50751929e+00 -2.35237371e+00  2.91617580e+01  7.92405307e+00]
 [-7.93462870e+00 -3.24387988e+00  2.93087710e+01  8.15824989e+00]
 [-6.82451611e+00 -5.40296959e+00  3.07002034e+01  4.23959427e+00]
 [-5.01928948e+00 -7.90061048e+00  3.93394904e+01 -4.49730809e-01]
 [-4.40948638e+00 -8.01890982e+00  9.29690623e+00  2.84172950e+01]
 [-1.12643412e+01 -3.76380830e+00  2.06238192e+01 -7.80002642e+00]
 [ 7.73333192e+00  5.47436582e-01 -7.77560882e+00 -2.80483474e+00]
 [ 8.11204752e+00  6.33312605e-01 -8.29392911e+00 -2.92825176e+00]
 [ 7.41242286e+00  3.71223212e-01 -6.82916551e+00 -3.34605966e+00]
 [ 6.91213454e+00 -1.05548197e-02 -5.29181987e+00 -4.03125860e+00]
 [ 6.89134392e+00 -3.34335223e-01 -4.31971131e+00 -4.84225157e+00]
 [ 7.44033932e+00 -7.31518763e-01 -3.86600437e+00 -5.52087105e+00]
 [ 9.56570482e+00 -1.63887765e+00 -4.07153525e+00 -6.95025876e+00]
 [ 1.02524519e+01 -1.87674574e+00 -4.10774736e+00 -7.41675238e+00]
 [ 9.80992716e+00 -1.80323240e+00 -3.77795859e+00 -7.42934412e+00]
 [ 8.31609977e+00 -1.00356973e+00 -1.32736994e+00 -9.07676825e+00]
 [ 6.97545798e+00 -1.20718618e+00 -4.19714391e+00 -4.74337105e+00]
 [ 2.89858723e+00 -7.05956640e-01 -4.77963787e+00 -6.27373437e-01]
 [-5.98750794e-01  2.42113389e-01 -2.44682922e+00 -4.14047320e-01]
 [-8.16971721e-01  4.80926620e-01 -2.46990185e+00 -4.34872862e-01]
 [-7.31647373e-01  2.58766601e-01 -2.51361620e+00 -2.68914489e-01]
 [-2.25344703e+00  9.15184746e-02 -1.06381496e+00 -2.38808872e-02]
 [-3.52476082e+00  5.42679588e-03  2.48051539e-01  2.33201957e-02]
 [-3.80615609e+00 -1.89511710e-01  9.77518272e-01 -2.08626914e-01]
 [-4.70209355e+00 -1.77302698e-01  1.89920035e+00 -2.47097540e-01]
 [-5.21317136e+00 -9.91370176e-02  2.28187607e+00 -2.13881098e-01]
 [-5.54557009e+00 -7.63514866e-03  2.48507716e+00 -1.70667448e-01]
 [-5.75794933e+00  8.34382016e-02  2.52342644e+00 -1.53179677e-01]
 [-5.86749999e+00  1.79144879e-01  2.61805317e+00 -1.56424708e-01]
 [-5.55643496e+00  2.33517504e-01  2.27743608e+00 -1.20423070e-01]
 [-5.24347954e+00  4.03362664e-01  1.75660214e+00 -1.41622327e-01]
 [-4.79849654e+00  3.94844762e-01  1.35313521e+00 -1.31943280e-01]
 [-4.31203780e+00  2.30481002e-01  9.35919091e-01 -7.93999248e-02]
 [-4.16679542e+00  1.57309076e-01  8.37005898e-01 -3.87003115e-02]
 [-4.16765131e+00  9.44791120e-02  8.13227609e-01  2.00348414e-02]
 [-4.25165448e+00  3.62560041e-02  8.49725643e-01  1.03024530e-01]
 [-3.16834302e+00  2.35011027e-01 -8.36464071e-02 -2.36011402e-01]
 [-3.18629480e+00  2.00546464e-01 -6.77734209e-02 -2.28731652e-01]
 [-3.28323219e+00  1.67242922e-01  1.41327377e-02 -1.98157571e-01]
 [ 9.22328910e+01 -1.33733479e+01 -9.87827040e+01  1.43896985e+01]
 [ 7.23251291e+01 -8.74854255e+00 -7.74395243e+01  8.18016879e+00]
 [ 5.81733168e+01 -4.66455188e+00 -6.71212011e+01  7.05802977e+00]
 [ 4.51608814e+01 -2.48966766e+00 -5.56922294e+01  6.75049093e+00]
 [ 1.37941176e+01  1.78104907e+00 -2.77793008e+01  5.17087198e+00]
 [-2.99195815e+00  3.89508853e+00 -1.29291559e+01  4.04568044e+00]
 [ 1.88144081e-01  4.32627892e+00 -1.56946049e+01  2.16807014e+00]
 [ 5.92564770e+00  5.81112143e+00 -2.16231678e+01  7.31666077e-01]
 [ 1.12890147e+01  6.86274356e+00 -2.65291671e+01 -1.11467605e+00]
 [ 1.04935876e+01  5.12712934e+00 -2.40838254e+01 -1.18245363e+00]
 [ 1.10866896e+01  5.07500362e+00 -2.56477516e+01 -1.22553036e+00]
 [ 1.25248801e+01  7.27170863e+00 -2.86923402e+01 -9.52149032e-01]
 [ 1.31595256e+01  9.44778274e+00 -3.45090451e+01 -3.21061068e-02]
 [ 1.31318845e+01  1.10669379e+01 -3.68079988e+01  1.03764589e+00]
 [ 1.20460825e+01  1.03289755e+01 -3.60850813e+01  2.39884343e+00]
 [ 1.28129530e+01  1.02828749e+01 -4.23618860e+01  7.57713266e+00]
 [ 1.90579958e+01  1.04076532e+01 -6.52823833e+01  2.29985700e+01]
 [ 1.55264888e+01  9.62166267e+00 -5.97088439e+01  2.11741087e+01]
 [ 1.38431189e+01  7.60523655e+00 -5.25336419e+01  1.69381302e+01]
 [ 1.10528598e+01  4.62667100e+00 -3.81893671e+01  8.49203555e+00]
 [ 7.06473951e+00  5.03564888e-01 -2.36180527e+01  1.25345827e+00]
 [-6.17122564e-01 -2.71255631e+00 -1.05828531e+01 -3.03948349e-01]
 [-1.12612531e+01 -4.82972293e+00  8.47770036e-01  7.72662842e-01]
 [-1.89417798e+01 -5.80011728e+00  8.63444476e+00  1.55368185e+00]
 [-1.89404005e+01 -6.04776847e+00  9.87324145e+00  2.83805967e-01]
 [-1.87966320e+01 -3.61117762e+00  7.62119247e+00  5.13591165e-02]
 [-1.80013296e+01 -1.32774112e+00  5.73491973e+00 -1.20103966e+00]
 [-1.66203989e+01 -5.63764111e-03  3.70350247e+00 -1.94040398e+00]
 [-3.25784786e+01 -2.27402357e+00  2.18296957e+01 -2.00725589e+00]
 [-5.01911177e+01 -4.37580638e+00  4.14428547e+01 -1.92375555e+00]
 [-6.37949126e+01 -6.86529627e+00  5.73046917e+01 -1.80616156e+00]
 [-6.53129253e+01 -7.10307394e+00  5.90498640e+01 -1.05498422e+00]
 [-6.63164257e+01 -6.08948965e+00  5.68695313e+01  8.42274431e-01]
 [-6.65714626e+01 -4.80600202e+00  5.26242364e+01  3.18323016e+00]
 [ 1.53579448e+02  1.23993016e+01 -3.33507757e+02  1.77705976e+02]
 [ 1.64207589e+02  9.31358982e+00 -3.31251200e+02  1.65538065e+02]
 [ 1.21472166e+02  3.38628864e+00 -2.15595565e+02  9.48854164e+01]
 [ 4.12010030e+01 -2.08988567e+00 -9.68125615e+01  6.02489114e+01]
 [-7.27587469e+00 -5.81637605e+00 -3.70852500e+01  5.17057952e+01]
 [-2.72544151e+01 -6.94374758e+00 -1.11418313e+01  4.63029957e+01]
 [-3.33089424e+01 -7.72573651e+00  3.85838205e+00  3.75944842e+01]
 [-2.86330760e+01 -6.53659970e+00  1.04396337e+01  2.43015282e+01]
 [-1.73867741e+01 -1.38328349e+00  2.80411323e+00  1.52142296e+01]
 [-1.15004409e+01  2.89848079e+00 -4.00329348e+00  1.19316161e+01]
 [-1.48431483e+01  5.02011444e+00 -7.35948737e+00  1.70496334e+01]
 [-1.93070598e+01  7.39507717e+00 -1.77079432e+01  2.99142017e+01]
 [-2.13499265e+01  9.72364299e+00 -2.99435519e+01  4.14950964e+01]
 [-2.29156162e+01  1.19248908e+01 -3.87689090e+01  5.03675243e+01]
 [-2.33272416e+01  1.40279853e+01 -4.57104850e+01  5.73160031e+01]
 [-2.54163906e+01  1.44858814e+01 -4.23773937e+01  5.55205633e+01]
 [-2.50885757e+01  1.24177702e+01 -3.91741969e+01  5.09023534e+01]
 [-2.50223069e+01  1.09885742e+01 -4.28559663e+01  5.75953945e+01]
 [-1.94275078e+01  6.91668904e+00 -5.05096818e+01  6.15705850e+01]
 [-4.73042568e+00  5.64025552e+00 -6.58165001e+01  6.38264335e+01]
 [-3.48994602e-02  3.57291077e+00 -6.26355018e+01  5.72146279e+01]
 [-5.00876670e+00  1.27927832e+00 -3.92961539e+01  4.06116977e+01]
 [-5.44767568e+00  1.72785362e-01 -2.97358764e+01  3.22504831e+01]
 [-7.67712395e+00  1.28217359e+00 -2.54946426e+01  2.88440766e+01]
 [-1.21844740e+01  1.98755484e+00 -2.11194894e+01  2.76871308e+01]
 [-1.15603564e+01  4.80582173e+00 -1.45910803e+01  1.67483961e+01]
 [-1.09772479e+01  5.53694155e+00 -1.13469844e+01  1.17601246e+01]
 [-1.06989388e+01  5.73896330e+00 -8.75412022e+00  8.54953019e+00]
 [-1.15092538e+01  5.05558453e+00 -4.78594489e+00  5.67451723e+00]
 [-1.22746496e+01  4.09375272e+00 -1.05049728e+00  3.71183766e+00]
 [-1.34242121e+01  2.04426240e+00  5.13559336e+00  5.64914995e-01]
 [-1.41929446e+01  5.02275770e-01  9.16206070e+00 -1.43841676e+00]
 [-1.54155281e+01 -3.57265620e-01  1.24293179e+01 -2.93563704e+00]
 [-1.27862136e+01 -1.43749754e-01  8.65665437e+00 -2.08917910e+00]
 [ 5.39889699e+01  6.39494666e+00 -3.93020515e+01  3.80060152e+01]
 [ 5.41120580e+01  8.84852480e+00 -4.37293832e+01  4.16695572e+01]
 [ 1.68478590e+01 -1.10414982e+00  7.94905529e-01  4.59927801e+01]
 [ 3.32636159e+00 -5.21532826e+00  1.60896241e+01  4.50089039e+01]
 [-3.76183282e-01 -4.92355723e+00  1.89582721e+01  4.29935600e+01]
 [-1.27098124e+00 -4.69552395e+00  1.78200480e+01  4.23892298e+01]
 [-2.19445648e+00 -4.92153584e+00  1.68223085e+01  4.39856368e+01]
 [-2.50548875e+00 -9.28106966e+00  1.72529855e+01  4.85965973e+01]
 [-6.08919110e+00 -1.32591442e+01  1.83229554e+01  5.90591945e+01]
 [-1.87778225e+01 -1.25245319e+01  1.19888995e+01  7.92428013e+01]
 [-3.41708272e+01 -3.68662979e+00 -6.16905063e+00  1.00181329e+02]
 [-3.76781719e+01 -8.03559744e-01 -1.27267841e+01  1.05924450e+02]
 [-4.10918352e+01  6.29346061e-01 -1.07978331e+01  1.05651548e+02]
 [-4.60605606e+01 -7.26536770e-01  2.14633060e+00  9.99680882e+01]
 [-5.25768372e+01 -1.01512643e+01  5.50863745e+01  6.07958073e+01]
 [-5.38894467e+01 -1.89196388e+01  1.19524897e+02  4.11495470e+00]
 [-5.19383448e+01 -2.47554436e+01  1.58495949e+02 -2.94215078e+01]
 [-4.83191392e+01 -2.06630238e+01  1.52464569e+02 -3.69930059e+01]
 [-3.05559221e+01 -1.16688444e+01  1.03785148e+02 -1.40779159e+01]
 [-1.48244095e+01 -8.78144600e+00  7.50649160e+01 -2.22707884e+00]
 [ 2.98023863e+00 -6.30477070e+00  4.47636880e+01  5.65750498e+00]
 [ 1.95506450e+01 -1.04015717e+00  1.45903263e+01  1.21191362e+01]
 [ 2.62302168e+01  3.68814330e+00 -6.75880859e-01  1.53228491e+01]
 [ 2.60371063e+01  3.94580209e+00  3.46490927e-01  1.42293292e+01]
 [ 2.36602529e+01 -1.36520972e+00  1.05540398e+01  1.10055377e+01]
 [ 2.28669980e+01 -4.33247483e+00  1.37144610e+01  1.04963277e+01]
 [ 2.23467819e+01 -2.14460572e+00  1.13867926e+01  1.05856474e+01]
 [ 2.25181433e+01 -6.24031356e-01  1.09037063e+01  9.16957563e+00]
 [ 2.35678718e+01  1.22532769e+00  9.40911948e+00  7.07728793e+00]
 [ 2.47682748e+01  2.67691286e+00  8.44282787e+00  6.20318850e+00]
 [ 2.49979728e+01  3.03456993e+00  8.12278722e+00  5.20126358e+00]
 [ 2.32874402e+01  3.74216250e+00  9.24791256e+00  6.23936056e+00]
 [ 2.59624182e+01  3.40533460e+00  6.35792248e+00  7.16362426e+00]
 [ 2.82571870e+01  2.96698346e+00  3.49429218e+00  8.24898225e+00]
 [-5.85574347e+00  3.53120220e-02  2.49039172e-01  6.91910653e+00]
 [-5.90280740e+00  2.37284827e-02  2.96692777e-01  6.91283034e+00]
 [-3.08425376e+00 -2.59231301e-02  2.37375592e-01  4.20407477e+00]
 [-1.75468433e+01  2.06897462e-02  1.30245801e+00  1.75492359e+01]
 [-5.76221015e-02  1.47092107e+00 -3.00475845e+00  2.98475227e+00]
 [ 1.91364195e+00  1.89831405e+00 -3.99084995e+00  1.49143978e+00]
 [ 1.99213288e+00  2.17808141e+00 -4.33586931e+00  1.46742131e+00]
 [ 1.42376496e+00  2.52996034e+00 -4.52731283e+00  1.85711289e+00]
 [ 1.48335238e+00  2.99149040e+00 -4.10791796e+00  8.85906993e-01]
 [ 9.77665406e-01  3.97085647e+00 -2.72601174e+00 -1.07426675e+00]
 [-2.20783566e-01  5.68802875e+00 -3.78810478e-01 -3.94570127e+00]
 [ 3.38665149e-01  5.24295173e+00 -1.24725837e+00 -3.28476419e+00]
 [ 3.81807497e-01  5.11314604e+00 -1.00893979e+00 -3.44174748e+00]
 [ 7.93145651e-01  4.51774644e+00 -1.58592045e+00 -2.58401253e+00]
 [ 1.45442296e+00  1.99777956e+00 -1.54068314e+00 -7.65496835e-01]
 [ 1.48146600e+00  1.09654387e+00 -8.82183833e-01 -5.64228558e-01]
 [ 1.45063328e+00  9.33019766e-01 -1.07788899e+00 -1.69269466e-01]
 [ 1.36845294e+00  7.84749727e-01 -1.30320399e+00  2.68815311e-01]
 [ 1.33729888e+00  7.75523404e-01 -1.38908100e+00  3.65863351e-01]
 [ 1.32033566e+00  7.44820148e-01 -1.32676487e+00  3.59464050e-01]
 [ 1.25851146e+00  6.27835279e-01 -8.61904231e-01  1.18796700e-01]
 [ 1.09947974e+00  4.40912662e-01 -3.45349974e-01 -6.27722047e-02]
 [ 9.41911160e-01  3.35433133e-01 -4.98335443e-02 -9.32232197e-02]
 [ 5.63891895e-01  2.15106066e-01  5.03303258e-01 -1.45089648e-01]
 [-3.65215020e-01 -8.65852092e-03  1.75136778e+00 -2.36511938e-01]
 [ 5.36011912e-01  3.27499946e-01  3.72205315e-01 -9.26498460e-02]
 [ 9.37260819e-01  4.68719942e-01 -2.43715453e-01 -2.09851615e-02]
 [ 1.28814917e+00  5.67173343e-01 -7.92464824e-01  6.72748885e-02]
 [ 1.42022951e+00  6.10169522e-01 -1.00210977e+00  1.02288600e-01]
 [ 1.35068680e+00  7.14528493e-01 -1.13204105e+00  1.89528677e-01]
 [ 1.33872824e+00  7.30464339e-01 -1.17201646e+00  2.26971159e-01]
 [ 1.41726383e+00  7.87317368e-01 -1.20399590e+00  1.93130069e-01]
 [ 1.51704504e+00  7.45739744e-01 -1.30093551e+00  1.86138639e-01]
 [ 1.59104339e+00  7.41642978e-01 -1.42116680e+00  1.64425658e-01]
 [-8.04187726e+01  5.11292951e+00 -4.38275363e+02  5.98904047e+02]
 [-9.13319046e+01  7.00239068e+00 -3.64352073e+02  5.37078971e+02]
 [-8.22988553e+01  3.91912933e+00 -2.73701041e+02  4.27025489e+02]
 [-5.93639320e+01 -7.57953107e-01 -2.23917273e+02  3.57373156e+02]
 [-3.76702945e+01 -1.67328824e+00 -1.94713094e+02  3.08939433e+02]
 [-1.55117888e+01 -7.67827818e-01 -1.62984489e+02  2.52637170e+02]
 [ 1.04336418e+01  2.14682894e+00 -1.38523451e+02  1.98251644e+02]
 [ 3.47242665e+01  3.67125496e+00 -1.07397650e+02  1.39817019e+02]
 [ 1.57643361e+01 -4.21298890e+00 -2.32283886e+01  8.00176328e+01]
 [-1.94834134e+01 -1.17878984e+01  2.96655446e+01  7.45136833e+01]
 [-9.20325875e+00 -9.14970017e+00  5.67783791e+00  8.13590208e+01]
 [ 1.67897464e+00 -4.67895259e+00 -2.31046430e+01  9.45855116e+01]
 [ 1.01883079e+00 -1.81985207e-01 -5.27386757e+01  1.19630379e+02]
 [-7.84426973e+00  5.36421944e+00 -8.16668376e+01  1.52899974e+02]
 [-1.84425244e+01  1.12697513e+01 -1.07249953e+02  1.86245908e+02]
 [-2.38564367e+01  1.33511347e+01 -1.22709012e+02  2.03878263e+02]
 [-1.75760655e+01  8.83903175e+00 -1.41654458e+02  2.21143006e+02]
 [-1.75370040e+01  1.22736800e+01 -1.30777928e+02  2.03188091e+02]
 [-1.72971289e+01  1.83964814e+01 -1.24080942e+02  1.86645796e+02]
 [ 1.24442954e+01  1.09514987e+01 -1.83515899e+02  2.23038983e+02]
 [ 5.26316350e+01 -2.20472024e+00 -2.58495888e+02  2.68098189e+02]
 [ 4.56212444e+01 -6.10614448e+00 -1.67119162e+02  1.88568556e+02]
 [ 2.38002967e+01 -3.94508105e+00  6.08854528e-01  4.10844553e+01]
 [ 2.61341785e+01  8.00441595e-01  3.14774599e+01  3.17074749e+00]
 [ 2.89393275e+01  4.40887152e+00  2.96732227e+01 -3.04526164e+00]
 [ 2.60496243e+01  3.35520405e+00  2.39233622e+01  6.48212866e+00]
 [ 1.71318013e+01  3.63183339e+00  2.75911764e+01  1.09768766e+01]
 [ 1.26707278e+01 -4.38364277e-01  5.02008963e+01 -1.98880064e+00]
 [ 1.06090760e+01 -5.96412570e+00  6.28240731e+01 -6.98122331e+00]
 [ 1.80861612e+01 -1.18937072e+01  5.99125551e+01 -5.82179149e+00]
 [ 3.42178105e+01 -1.93966831e+01  4.76107524e+01 -1.45659434e+00]
 [ 3.62719332e+01 -2.74952896e+01  5.13738324e+01 -2.52803136e+00]
 [ 3.68613171e+01 -2.81678394e+01  5.35385743e+01 -5.22289006e+00]
 [ 6.41982480e+01 -2.87215697e+01  2.07849892e+01  6.63199186e+00]
 [ 1.52592995e+02  6.45035824e-01  2.49703826e+01 -1.75425327e+02]
 [ 1.68946699e+02 -8.76107627e-02  3.57519441e+01 -2.02862584e+02]
 [ 1.71067169e+02 -1.02834335e+00  3.47144159e+01 -2.03556210e+02]
 [ 8.25534520e+01  1.00194234e+01 -1.29411008e+01 -7.84587736e+01]
 [ 2.09644179e+01  1.77793413e+01 -3.96121213e+01 -1.19122802e+00]
 [-4.06754238e+00  2.28877318e+01 -4.91281322e+01  2.63306503e+01]
 [ 2.20872447e+01  8.33877746e+00 -7.76253317e+01  4.05069588e+01]
 [ 4.01501932e+01  1.84361554e+00 -1.07215479e+02  5.65490993e+01]
 [ 5.76882625e+01 -8.69503051e-01 -1.36685149e+02  7.18106672e+01]
 [ 9.01871729e+01  8.08306188e-02 -1.80657795e+02  7.98346480e+01]
 [ 1.58480700e+02  1.26736982e+01 -2.94688087e+02  1.01968562e+02]
 [ 1.74134506e+02  2.28512775e+01 -3.38913862e+02  1.20354619e+02]
 [ 7.93562462e+01  2.70653326e+01 -2.50676536e+02  1.20183586e+02]
 [ 1.95277360e+01  1.24475192e+01 -1.83627467e+02  1.23122772e+02]
 [-4.09625255e+01 -6.74391262e+00 -1.39767524e+02  1.55367979e+02]
 [-1.16341905e+02 -1.54317997e+00 -1.94527902e+02  2.78702786e+02]
 [-1.06341463e+02  2.87697461e+00 -2.03963410e+02  2.65532633e+02]
 [-7.38093486e+01  1.35846571e+01 -1.75151146e+02  1.94644067e+02]
 [-3.67209403e+01  1.97607114e+01 -1.11083702e+02  8.78436144e+01]
 [-9.37423856e+00  6.87069375e+00 -4.41514025e+01  6.05382890e+00]
 [-1.07612675e+01  2.71011832e+00 -5.81957057e+01  2.35027425e+01]
 [-9.86512409e+00  1.31547249e+00 -6.66432479e+01  3.07871134e+01]
 [-9.91555722e+00  2.30081368e+00 -8.12745165e+01  4.03181876e+01]
 [-9.87646367e+00  7.49082760e+00 -8.58572673e+01  3.97316035e+01]
 [-1.22213751e+01  2.04005991e+01 -9.24330883e+01  3.40887700e+01]
 [-9.48510330e+00  3.38786945e+01 -9.44850000e+01  1.84832003e+01]
 [-1.24186139e+01  4.16371767e+01 -8.74358752e+01  3.51022571e+00]
 [-6.45591361e+01  2.96268817e+01 -2.78725260e+01  7.10465409e+00]
 [-1.28048556e+02  1.97762093e+01  4.70761156e+01  4.32465761e+00]
 [-1.38685892e+02  1.63453963e+01  6.71514080e+01 -1.22285984e+00]
 [-1.46165817e+02  9.19588271e+00  7.58418692e+01  2.25324765e+00]
 [-1.39365984e+02  9.11012316e+00  7.13950129e+01  6.36210295e-01]
 [-1.04949763e+02  8.48149137e+00  5.27750238e+01 -1.46287660e+01]
 [-7.58081528e+01 -2.11986320e+00  2.56256820e+01 -5.17208868e+00]
 [-7.66993280e-01  7.25050871e+00 -7.51251915e-01  3.42890310e-01]
 [-3.68869416e-01  6.69209016e+00 -2.61298125e-01  4.18329264e-02]
 [ 2.72396015e-01  4.97796638e+00  1.30945309e+00 -4.06265211e-01]
 [ 3.60375190e-01  3.46360892e+00  3.28048148e+00 -4.72020285e-01]
 [ 5.65244866e-01  2.25557430e+00  4.72601282e+00 -3.97279546e-01]
 [ 8.61119624e-01  1.24706561e+00  5.39396887e+00 -4.22464058e-01]
 [ 9.10902937e-01  6.31553341e-01  5.85183655e+00 -2.68688616e-01]
 [ 9.97168677e-01  6.34806434e-02  6.23888775e+00 -3.94300917e-02]
 [ 1.68873758e+00 -9.64041993e-03  6.05491685e+00 -3.13505032e-01]
 [ 2.38263952e-01  6.31729159e-01  7.19814977e+00 -5.43055610e-01]
 [-3.39069847e+00  1.33626004e+00  1.04570846e+01 -9.44017406e-01]
 [-9.23977273e+00  1.46499456e+00  1.44052044e+01  4.41482769e-01]
 [-9.66212418e+00  1.64277825e+00  1.46956878e+01  3.97554861e-01]
 [-6.93974041e+00  2.66540893e+00  1.08037355e+01  5.10581454e-01]
 [-2.87644330e+00  4.56928585e+00  4.94385813e+00  5.35687247e-01]
 [-2.92343574e+00  2.76185459e+00  6.65873080e+00  4.66993600e-01]
 [-1.45648163e+00  1.26384708e+00  6.54073192e+00  5.01908507e-01]
 [-1.06902409e+00  1.35290542e+00  6.30045326e+00  2.08605211e-01]
 [-5.05671169e-01  2.30753294e+00  4.97963485e+00 -1.75573042e-01]
 [ 2.51539476e-01  3.08977116e+00  4.03394611e+00 -6.26488323e-01]
 [ 1.87179943e-01  3.82258399e+00  3.85093544e+00 -9.25982041e-01]
 [-1.60486610e+00  2.86859232e+00  6.65441422e+00 -7.36845492e-01]
 [-2.07757834e+00  2.59806871e+00  7.43294722e+00 -6.28258688e-01]
 [-1.95320220e+00  2.87483887e+00  7.15638231e+00 -6.65563372e-01]
 [-2.67115569e+00  3.80457545e+00  6.82174974e+00 -5.28647412e-01]
 [ 1.41846690e-01 -1.61040634e-01  7.61862672e+00 -3.19467886e-01]
 [ 1.63876675e+00 -1.97858385e+00  7.18871146e+00  5.14153064e-01]
 [ 3.04281031e+00 -1.34031463e+00  4.14898063e+00  1.61251783e+00]
 [ 4.90455527e+00 -9.27247623e-01  1.32387026e+00  2.16176874e+00]
 [ 6.16961754e+00 -7.22491734e-01 -4.06419113e-01  2.37934551e+00]
 [ 6.98578423e+00 -5.81069972e-01 -1.46648496e+00  2.45403513e+00]
 [ 7.03100134e+00 -9.69133303e-01 -1.04339107e+00  2.01299184e+00]
 [ 6.41753916e+00 -1.45938925e+00  5.39638326e-01  1.28318213e+00]
 [ 4.96755521e+00 -2.12651365e+00  3.44129221e+00  5.01359455e-01]
 [ 1.75960096e+02 -1.87327693e+00 -1.82522382e+02  2.16598470e+01]
 [ 1.94268784e+02 -1.04491128e+00 -1.98708990e+02  1.89822955e+01]
 [ 1.66780676e+02 -7.71183274e-01 -1.71294257e+02  1.61741361e+01]
 [ 1.48941352e+02 -1.06897429e+00 -1.54808482e+02  1.63437627e+01]
 [ 1.43110686e+02 -9.95843548e-01 -1.50298840e+02  1.62572277e+01]
 [ 1.43190487e+02 -4.57593607e-01 -1.51047695e+02  1.62499874e+01]
 [ 1.30448493e+02  1.03455256e-01 -1.39220837e+02  1.61251635e+01]
 [ 1.13804560e+02  5.55111017e-01 -1.28690401e+02  2.03342821e+01]
 [-2.66592106e+01  2.81914902e+00 -7.77835263e+01  1.07469018e+02]
 [-7.07954693e+01  5.43824679e+00 -3.93149573e+01  1.09625334e+02]
 [-6.78513677e+01  5.15919095e+00 -3.63827233e+01  1.02339201e+02]
 [-6.15561409e+01  5.00528798e+00 -3.74318810e+01  9.72392955e+01]
 [-5.38534184e+01  7.95969775e-01 -3.68533899e+01  9.31588997e+01]
 [-6.06740789e+01 -4.18518868e+00 -2.92321146e+01  9.63716876e+01]
 [-7.26372211e+01 -6.80754041e+00 -2.36978044e+01  1.04447733e+02]
 [-7.91400516e+01 -7.50322440e+00 -2.05727689e+01  1.07150752e+02]
 [-8.25942547e+01 -6.62213704e+00 -1.73080078e+01  1.05011349e+02]
 [-8.66169149e+01 -5.84585785e+00 -1.44337766e+01  1.06940726e+02]
 [-9.23557607e+01 -4.97129043e+00 -8.26470140e+00  1.02447018e+02]
 [-9.55978068e+01 -5.07326493e+00 -6.65065060e-01  9.78196966e+01]
 [-9.90087140e+01 -4.40090396e+00  3.04537920e+00  9.54824394e+01]
 [-9.58798761e+01 -5.21291996e+00  4.13869494e+00  9.11601791e+01]
 [-7.32318639e+01 -6.15692508e+00  4.69255680e+00  6.88640954e+01]
 [-2.90931689e+01 -8.92762106e-01 -2.31123750e+00  2.68255782e+01]
 [-9.01329405e+00  4.51592862e+00 -9.46295051e+00  7.87046238e+00]
 [-1.04128646e+01  3.93668615e+00 -6.36551162e+00  6.44734594e+00]
 [-6.12350854e+00  2.14186930e+00 -9.88131956e+00  7.23938404e+00]
 [-7.25161138e+00  1.28354228e+00 -7.66524506e+00  6.95952666e+00]
 [-9.14755955e+00  4.39719033e-01 -4.41000042e+00  6.07745543e+00]
 [-6.75655678e+00 -1.25028640e-01 -5.36645709e+00  4.76400207e+00]
 [-1.68826958e+00 -6.89114280e-01 -8.56046157e+00  3.47048731e+00]
 [-2.60028822e+00 -1.26785176e+00 -6.71783806e+00  2.95625448e+00]
 [-5.21495398e+00 -1.23084579e+00 -3.75142073e+00  2.43654206e+00]
 [-8.94678488e+00 -1.10408442e+00 -9.81918332e-01  3.36169496e+00]
 [-1.44906896e+00  2.98603637e-01  4.28594287e+00  1.58732623e-01]
 [-1.37508075e+00  3.99806059e-01  3.71689432e+00  5.78914612e-01]
 [-2.80425752e+00  3.82717958e-01  1.95846519e-01  5.67565233e+00]
 [-3.72249856e+00  4.83054367e-01 -2.26238624e+00  9.35166147e+00]
 [-4.01541905e+00  6.66912312e-01 -3.43048281e+00  1.09349961e+01]
 [-4.08638213e+00  5.85287561e-01 -4.18954888e+00  1.15292457e+01]
 [-3.72399859e+00  9.06508744e-01 -4.47728518e+00  1.14643946e+01]
 [-2.28738902e+00  1.13339330e+00 -4.62582193e+00  1.00154493e+01]
 [ 2.34004707e-01  1.47877035e+00 -5.67522306e+00  7.91882858e+00]
 [ 1.74684054e+00  1.61511636e+00 -6.41637708e+00  6.89450734e+00]
 [ 2.31194325e+00  1.67137551e+00 -5.74048233e+00  5.49315168e+00]
 [ 2.20239597e+00  2.00574084e+00 -3.33726954e+00  2.80072926e+00]
 [ 5.95605820e+00  7.50998712e+00  3.02336468e+00 -1.30202348e+01]
 [ 5.76111640e+00  3.05784127e+00 -3.89298701e+00 -1.31271857e+00]
 [ 6.24098015e+00  1.16554390e+00 -4.40721003e+00  6.51314693e-01]
 [ 6.90302135e+00  1.42118400e+00 -3.87072795e+00 -9.46603695e-01]
 [ 5.31553431e+00  1.32572602e+00 -6.42211691e+00  3.28863035e+00]
 [ 5.59551762e+00  1.44767139e+00 -5.87931310e+00  2.25238935e+00]
 [ 5.67717414e+00  1.61664677e+00 -5.34204249e+00  1.45152036e+00]
 [ 5.69210812e+00  1.84566950e+00 -5.15817568e+00  1.10905093e+00]
 [ 5.33609141e+00  2.07313684e+00 -4.72353291e+00  9.69317967e-01]
 [ 4.25601719e+00  1.79232401e+00 -3.28745913e+00  8.20438443e-01]
 [ 2.87683993e+00  1.65073806e+00 -1.55969056e+00  6.90709858e-01]
 [-1.79243987e-01  1.32158833e+00  2.41758490e+00  2.37657458e-01]
 [-1.68817226e+00  1.21564971e+00  4.27979243e+00  5.29060915e-02]
 [-8.10255447e-01  9.46525872e-01  3.55293889e+00  1.33447763e-01]
 [-3.55830105e-01  7.00722820e-01  3.27157597e+00  2.08096757e-01]
 [-4.49420918e+00  4.69946325e-01  7.88606975e+00 -6.18710510e-02]
 [-5.33653958e+00  2.60435464e-01  8.71022164e+00 -8.20117442e-02]
 [-5.58691375e+00  6.71592275e-02  9.22284457e+00 -7.36937650e-02]
 [-5.67160408e+00 -7.97671451e-02  9.43198714e+00 -9.83414032e-02]
 [-5.74845811e+00 -1.19754607e-01  9.59477000e+00 -9.69882374e-02]
 [-6.11437515e+00 -2.24992892e-02  9.67870124e+00 -6.07863986e-02]
 [-6.34520568e+00 -2.92113081e-03  9.24330667e+00 -4.02782747e-02]
 [ 9.47622927e-01 -2.42365307e-03  9.27852647e-02 -1.14723796e-01]
 [ 1.02212857e+00  1.46153942e-02 -1.59670994e-01  4.58674367e-02]
 [ 1.24084998e+00  5.49521442e-02 -5.82842162e-01  2.07615018e-01]
 [ 1.54735777e+00  1.07433970e-01 -9.19766439e-01  1.78902709e-01]
 [ 1.94937638e+00  2.12667510e-01 -1.02752378e+00 -1.83788028e-01]
 [ 2.37951051e+00  2.30546597e-01 -9.22882339e-01 -7.57295862e-01]
 [ 3.64466114e+00  1.48255739e-01  3.65567393e-01 -3.24688896e+00]
 [ 5.01469993e+00  4.76306264e-02  1.47734134e+00 -5.65303034e+00]
 [ 4.96041072e+00  8.59427848e-04  1.24682857e+00 -5.37743252e+00]
 [ 5.18858170e+00 -1.62933321e-01  1.07004302e+00 -5.31823982e+00]
 [ 6.48962882e+00 -4.77515381e+00 -1.39991081e+01  1.29515937e+01]
 [ 6.55258374e+00 -6.67004790e+00 -2.03373636e+01  2.13047487e+01]
 [ 6.05774019e+00 -7.08142802e+00 -2.10008486e+01  2.29967903e+01]
 [ 5.00042592e+00 -6.79133676e+00 -1.96073572e+01  2.22295921e+01]
 [ 3.85709421e+00 -6.02869269e+00 -1.75697938e+01  2.05810136e+01]
 [ 2.74816436e+00 -5.22790806e+00 -1.76066565e+01  2.12675461e+01]
 [ 1.33142897e+00 -3.75435900e+00 -1.88846681e+01  2.24521868e+01]
 [-6.02934582e-01 -1.28917346e+00 -1.85234034e+01  2.15376739e+01]
 [-2.64393694e+00  1.02044691e+00 -9.47884387e+00  1.22437522e+01]
 [-2.56530930e+00  1.78097728e+00 -6.27563645e+00  8.38285739e+00]
 [-8.82129361e-01  2.45989650e+00 -2.94502441e-01  9.34628169e-03]
 [-1.95133914e-01  1.84984028e+00 -3.59931713e-01 -7.29078480e-02]
 [ 4.71025692e-02  9.36925761e-01  3.47468801e-01 -1.52232833e-01]
 [-2.56863689e-01  7.68064212e-02  1.57385729e+00 -2.06916547e-01]
 [-4.76569874e-01  5.91667253e-01  1.38158885e+00 -2.02534585e-01]
 [-8.49425922e-01  1.00004788e+00  1.31450807e+00 -2.02938286e-01]
 [-1.42664168e+00  1.13312688e+00  1.84408875e+00 -4.60511339e-01]
 [-3.08140794e+00  6.43552175e-01  4.21873735e+00 -6.22016453e-01]
 [-5.07848100e+00  7.84082527e-01  6.02163187e+00 -7.12087811e-01]
 [-7.15221507e+00  1.82215889e+00  7.41560328e+00 -7.66398063e-01]
 [-8.09999065e+00  1.95906511e+00  8.02010628e+00 -8.49129351e-01]
 [-8.35400601e+00  2.14466173e+00  8.07224374e+00 -7.92001222e-01]
 [-8.89562320e+00  2.19007246e+00  9.01297610e+00 -9.96717328e-01]
 [-9.28218165e+00  2.51347819e+00  9.79595532e+00 -1.39960641e+00]
 [ 1.50694864e+01  7.88506884e+00 -1.10373322e+02  1.00681338e+02]
 [ 1.33940928e+01  6.66452154e+00 -1.12173398e+02  1.03788953e+02]
 [ 2.77929937e+01  1.45918145e+01 -1.18287818e+02  8.53208718e+01]
 [ 3.42521829e+01  1.92097504e+01 -1.23453257e+02  7.64253683e+01]
 [ 3.27569856e+01  1.99112946e+01 -1.09908537e+02  6.42862687e+01]
 [ 2.31197654e+01  1.67761726e+01 -8.46298351e+01  4.88487535e+01]
 [ 3.22748309e+00  1.46363680e+01 -5.35292762e+01  3.81750301e+01]
 [-3.64416225e+01  4.98678800e+00  7.03172725e+00  2.80345365e+01]
 [-4.56197132e+01  8.30547692e-01  2.52740118e+01  2.04896309e+01]
 [-3.01906285e+01  1.41798824e+00  1.14728069e+01  1.81879489e+01]
 [-1.23192997e+01  1.11339610e+00 -1.03247648e+00  1.41636417e+01]
 [ 2.83897774e-01  5.38103725e-01 -8.57795687e+00  8.87603683e+00]
 [ 4.81016927e-01  1.05675368e+00 -1.07793447e+01  1.02058916e+01]
 [-3.04340432e+00  1.66710280e+00 -1.20185327e+01  1.43987931e+01]
 [-5.10259232e+00  9.95918411e-01 -1.50618564e+01  1.94707615e+01]
 [ 7.15309276e-01  2.66039841e-01 -2.22132116e+01  2.12955502e+01]
 [ 7.74171633e+00 -1.03220270e+00 -3.20901828e+01  2.50069163e+01]
 [ 6.56535407e+00 -1.15652035e+00 -3.20851533e+01  2.63472963e+01]
 [ 7.70562061e-01 -2.83909310e-01 -2.16649676e+01  2.02200944e+01]
 [-3.02583259e+00 -1.74454923e-01 -1.43562901e+01  1.67403378e+01]
 [-4.77523764e+00 -1.97702522e+00 -6.32763296e+00  1.22062644e+01]
 [-5.17489088e+00 -2.13700660e+00 -3.88627827e+00  1.02039393e+01]
 [-4.62328634e+00 -1.93821847e+00 -3.00371175e+00  8.43722479e+00]
 [-3.68243846e+00 -1.70253861e+00 -3.33191450e+00  7.62262653e+00]
 [-2.93679506e+00 -7.42321085e-01 -2.93026367e+00  5.44841849e+00]
 [-2.27481578e+00 -6.78520054e-02 -2.60267575e+00  3.78537495e+00]
 [-1.79503368e+00  1.09219362e-01 -2.39641019e+00  2.87192810e+00]
 [-1.37815693e+00  5.16957084e-02 -2.06878318e+00  2.18565375e+00]
 [-9.87813732e-01 -4.86481520e-02 -1.82171440e+00  1.64554263e+00]
 [-7.49425413e-01 -8.65227117e-02 -2.04203395e+00  1.68523284e+00]
 [-5.57341061e-01 -1.23091577e-01 -1.93829826e+00  1.46074707e+00]
 [-4.64426149e-01 -1.63201683e-01 -2.00688033e+00  1.42211175e+00]
 [-3.55423030e-01 -1.92972809e-01 -2.05073924e+00  1.36819437e+00]
 [-2.93969254e-01 -1.73347295e-01 -2.13139599e+00  1.35181493e+00]
 [ 4.70596352e+00 -4.18843558e-02  1.00954837e+01 -1.33602853e+01]
 [ 4.81861020e+00  4.00747130e-01  8.57892173e+00 -1.26557366e+01]
 [ 4.87273262e+00  7.33510031e-01  7.18413700e+00 -1.15046584e+01]
 [ 1.73620152e+00  3.79063075e-03  4.41215543e+00 -4.79621714e+00]
 [ 8.03627752e-01 -7.10757242e-02  3.48794160e+00 -2.85550207e+00]
 [ 4.65097673e-01  8.13808696e-02  3.12857038e+00 -2.24854780e+00]
 [-1.27920483e-01  5.45891119e-01  1.44182356e+00 -4.51752715e-01]
 [-4.48924666e-01  7.87827729e-01  1.23619992e+00 -1.91830063e-01]
 [ 7.85745824e-01  2.39049291e-01  4.15788159e-01 -3.07298800e-02]
 [ 1.42952235e+00 -1.70639003e-02  7.23043680e-03  7.29005901e-03]
 [ 1.43603364e+00 -1.53358110e-02 -1.55079895e-03  8.10446303e-03]
 [ 1.49435615e+00 -5.07697973e-02 -2.53647680e-02  8.55615199e-03]
 [ 1.54554713e+00 -9.94450367e-02 -3.60264015e-02  1.63481989e-02]
 [ 1.52022851e+00 -7.97531124e-02 -2.52389716e-02  1.43454754e-02]
 [ 1.49189723e+00 -3.25168580e-02 -2.98136898e-02 -2.09278656e-03]
 [ 1.51031943e+00 -1.30595792e-02 -4.91536166e-02 -2.14937970e-02]
 [ 1.52576720e+00 -4.69464245e-03 -5.94627331e-02 -3.75658300e-02]
 [ 1.51906437e+00  4.74751733e-03 -6.98398460e-02 -3.13871216e-02]
 [ 1.60344689e+00  5.89604424e-02 -4.60626072e-01  2.23162343e-01]
 [ 1.58599677e+00  5.07449758e-02 -3.30245746e-01  1.15978483e-01]
 [ 1.53152185e+00  3.59618357e-02 -1.21554323e-01 -2.00903773e-02]
 [ 1.47293987e+00  2.51322853e-02  9.49551205e-02 -1.64627494e-01]
 [ 1.45956776e+00  1.84211204e-02  9.84726369e-02 -1.51671335e-01]
 [ 8.88794264e-01 -1.26660103e-02  1.59935053e+00 -1.06561836e+00]
 [-5.78075780e-02 -2.25034944e-01  2.43752162e+00 -7.24510114e-01]
 [-5.72393383e-01 -3.77224765e-01  1.91928171e+00  5.09235684e-01]
 [-1.07291910e+00 -1.55442840e-01  2.53563355e+00  1.95424084e-01]
 [-3.66321014e+00  4.64991373e-01  4.99693336e+00 -3.04194000e-01]
 [-5.90967664e+00  1.03800857e+00  6.82920405e+00 -5.36434052e-01]
 [-5.76922229e+00  1.13965779e+00  6.93243805e+00 -6.44675760e-01]
 [-5.55347458e+00  1.14347662e+00  6.62584095e+00 -7.57002474e-01]
 [-5.51527926e+00  1.48730207e+00  6.53917202e+00 -8.60550089e-01]
 [-5.77642874e+00  1.37113486e+00  6.89740593e+00 -1.13703510e+00]
 [-5.93256259e+00  1.28578848e+00  7.13774454e+00 -1.21550484e+00]
 [ 2.50271565e+00  1.04803977e-02  7.10958065e-03  7.12019170e-03]
 [ 2.02954005e+00 -7.46501397e-01  1.38839371e+00 -1.25721965e-01]
 [ 1.73175683e+00 -1.60798878e+00  2.65385312e+00 -2.67690461e-01]
 [ 1.67240513e+00 -2.02125556e+00  3.14880952e+00 -3.30224331e-01]
 [ 1.62792829e+00 -2.10968069e+00  3.36999597e+00 -3.46363927e-01]
 [ 1.55443245e+00 -1.91829511e+00  3.28167986e+00 -3.19062454e-01]
 [ 1.49585923e+00 -1.82827181e+00  3.23634734e+00 -3.05156026e-01]
 [ 2.22677731e+00 -1.25835829e+00  8.63678245e+00 -6.94621743e+00]
 [ 2.39182973e+00 -3.75502622e-01  1.67198951e+01 -1.60001556e+01]
 [ 8.83720883e-01  6.45429533e-02  2.05042435e+01 -1.86853207e+01]
 [-1.56442272e+00 -1.63781533e-01  1.83484191e+01 -1.38628872e+01]
 [ 3.47810809e-01  1.02847205e-02  1.71355259e+01 -1.47195715e+01]
 [ 1.58412634e+00  4.40236676e-01  1.47663610e+01 -1.39618786e+01]
 [ 1.55331631e+00  6.23231060e-01  1.14578010e+01 -1.07779269e+01]
 [-1.93966758e+00 -8.71261074e-03  7.46557227e+00 -2.60020032e+00]
 [-2.07102056e+00  4.90830101e-02  6.29369189e+00 -1.37554807e+00]
 [-1.70424744e+00  1.30619857e-01  5.21585818e+00 -6.45602558e-01]
 [-9.69707838e-01  2.79043916e-01  3.48802614e+00  2.54670564e-01]
 [ 2.90103220e-01  2.09961279e-01  2.26868793e+00  2.44872839e-01]
 [ 1.10629578e+00 -3.20655073e-02  2.21136440e+00 -2.60843908e-01]
 [ 9.90670947e-01 -2.59323006e-01  2.92263624e+00 -6.42954235e-01]
 [-6.81095132e-01 -1.56550444e-01  4.27589498e+00 -4.57684836e-01]
 [-2.49047944e+00  9.62270928e-02  5.47105173e+00  8.33376326e-03]
 [-2.34252300e+00  1.56500118e-02  5.46079144e+00 -3.36713361e-02]
 [-1.05665468e+00 -2.82861234e-01  4.50270904e+00 -7.20645651e-02]
 [ 7.33625989e-01 -1.46798247e+00  4.10376833e+00 -1.56494323e-01]
 [ 9.31020933e-01 -2.38631176e+00  4.88590032e+00 -1.86363186e-01]
 [ 4.63811867e-01 -2.88430715e+00  5.80884252e+00 -2.22208803e-01]
 [-1.36445220e+00 -2.73170782e+00  7.50702991e+00 -3.30701597e-01]
 [-1.10117959e+00 -2.86501207e+00  7.39818569e+00 -3.04202849e-01]
 [-1.28454388e+00 -2.88856343e+00  7.61555035e+00 -3.10830886e-01]
 [-1.44885565e+00 -3.41226352e+00  7.35383231e+00 -2.93652605e-01]
 [-2.46087940e+00 -3.03388153e+00  8.12814186e+00 -2.52676492e-01]
 [-3.74342428e+00 -2.44856151e+00  9.65745818e+00 -2.76023579e-01]]