Interpolated Political Corruption Index values per country:

           Country             variable  1989  1990  1991  1992  1993  1994  1995  1996  1997  1998  1999  2000  2001  2002  2003  2004  2005  2006  2007  2008  2009  2010  2011  2012  2013  2014  2015  2016  2017  2018  2019  2020  2021  2022
            Brazil Political_corruption 0.673 0.608 0.608 0.608 0.567 0.511 0.512 0.510 0.506 0.506 0.506 0.506 0.506 0.548 0.548 0.548 0.496 0.495 0.495 0.495 0.495 0.495 0.494 0.494 0.494 0.507 0.507 0.535 0.535 0.535 0.547 0.536 0.539 0.543
            Canada Political_corruption 0.033 0.033 0.033 0.033 0.033 0.035 0.035 0.035 0.035 0.035 0.035 0.035 0.035 0.035 0.035 0.035 0.035 0.035 0.031 0.032 0.032 0.029 0.029 0.029 0.021 0.021 0.021 0.021 0.021 0.021 0.023 0.029 0.029 0.029
        Costa Rica Political_corruption 0.284 0.262 0.262 0.262 0.262 0.262 0.199 0.199 0.199 0.199 0.176 0.176 0.176 0.176 0.173 0.173 0.173 0.187 0.187 0.187 0.187 0.187 0.184 0.187 0.187 0.179 0.182 0.187 0.201 0.196 0.190 0.190 0.190 0.190
Dominican Republic Political_corruption 0.818 0.818 0.818 0.818 0.818 0.818 0.818 0.818 0.783 0.783 0.783 0.783 0.783 0.783 0.783 0.783 0.783 0.783 0.783 0.783 0.783 0.783 0.783 0.783 0.768 0.768 0.756 0.756 0.770 0.790 0.808 0.616 0.609 0.610
       El Salvador Political_corruption 0.815 0.815 0.815 0.771 0.737 0.720 0.720 0.720 0.720 0.720 0.720 0.720 0.720 0.720 0.720 0.753 0.745 0.745 0.745 0.739 0.717 0.692 0.692 0.692 0.624 0.608 0.603 0.609 0.628 0.685 0.598 0.668 0.711 0.747
            France Political_corruption 0.061 0.061 0.061 0.061 0.061 0.061 0.061 0.061 0.061 0.061 0.061 0.061 0.061 0.061 0.061 0.061 0.061 0.061 0.061 0.061 0.061 0.061 0.061 0.061 0.055 0.055 0.055 0.055 0.055 0.062 0.065 0.058 0.058 0.050
          Honduras Political_corruption 0.848 0.848 0.853 0.853 0.853 0.844 0.844 0.844 0.844 0.844 0.844 0.839 0.839 0.844 0.844 0.844 0.844 0.844 0.845 0.845 0.845 0.847 0.854 0.854 0.853 0.853 0.853 0.853 0.838 0.845 0.841 0.828 0.814 0.768
         Indonesia Political_corruption 0.943 0.943 0.943 0.943 0.943 0.943 0.943 0.943 0.943 0.848 0.761 0.762 0.762 0.762 0.762 0.757 0.750 0.748 0.747 0.751 0.750 0.749 0.750 0.751 0.755 0.757 0.692 0.698 0.705 0.733 0.742 0.765 0.755 0.738
             Italy Political_corruption 0.347 0.347 0.347 0.338 0.265 0.283 0.283 0.248 0.248 0.248 0.248 0.254 0.272 0.272 0.272 0.272 0.272 0.236 0.236 0.277 0.277 0.241 0.214 0.214 0.199 0.202 0.202 0.209 0.201 0.201 0.201 0.181 0.155 0.155
            Panama Political_corruption 0.764 0.703 0.577 0.577 0.577 0.577 0.577 0.577 0.577 0.577 0.577 0.577 0.577 0.577 0.577 0.577 0.577 0.577 0.577 0.577 0.577 0.577 0.577 0.577 0.572 0.572 0.572 0.572 0.545 0.502 0.499 0.508 0.473 0.473
          Paraguay Political_corruption 0.943 0.932 0.932 0.915 0.896 0.896 0.896 0.896 0.896 0.896 0.898 0.872 0.872 0.872 0.828 0.812 0.812 0.812 0.811 0.759 0.759 0.759 0.759 0.807 0.828 0.826 0.838 0.838 0.833 0.787 0.791 0.768 0.768 0.776
             Spain Political_corruption 0.039 0.039 0.039 0.039 0.039 0.039 0.039 0.039 0.039 0.039 0.039 0.039 0.039 0.039 0.039 0.039 0.039 0.039 0.039 0.039 0.039 0.039 0.042 0.046 0.054 0.054 0.054 0.063 0.051 0.037 0.037 0.034 0.038 0.051
            Sweden Political_corruption 0.004 0.004 0.004 0.004 0.004 0.004 0.004 0.004 0.004 0.004 0.004 0.004 0.004 0.004 0.004 0.004 0.004 0.004 0.004 0.004 0.004 0.004 0.004 0.004 0.004 0.004 0.008 0.008 0.008 0.008 0.009 0.008 0.008 0.010
          Thailand Political_corruption 0.773 0.773 0.773 0.763 0.763 0.763 0.763 0.763 0.713 0.717 0.717 0.677 0.677 0.677 0.677 0.677 0.677 0.677 0.666 0.672 0.680 0.684 0.684 0.684 0.682 0.705 0.701 0.701 0.701 0.712 0.720 0.705 0.705 0.674
    United Kingdom Political_corruption 0.031 0.031 0.031 0.031 0.031 0.031 0.031 0.031 0.031 0.033 0.033 0.033 0.040 0.040 0.040 0.040 0.040 0.040 0.040 0.040 0.040 0.040 0.040 0.040 0.040 0.040 0.040 0.040 0.038 0.038 0.041 0.043 0.053 0.053
     United States Political_corruption 0.073 0.057 0.057 0.057 0.057 0.057 0.057 0.057 0.057 0.057 0.057 0.057 0.057 0.057 0.057 0.057 0.057 0.057 0.057 0.057 0.055 0.055 0.055 0.054 0.054 0.054 0.054 0.070 0.104 0.101 0.097 0.088 0.068 0.059