Interpolated poverty gap index values per country:

           Country    Variable        1989       1990       1991          1992       1993       1994      1995      1996      1997      1998      1999      2000      2001      2002      2003      2004      2005     2006     2007  2008  2009     2010  2011  2012  2013  2014  2015  2016  2017  2018  2019     2020    2021     2022     2023
         Argentina Poverty_gap    0.142857  -0.042857   0.700000  1.300000e+00   1.400000   1.500000  2.500000  3.000000  2.500000  2.600000  2.800000  3.300000  5.400000  6.900000  3.000000  2.100000  1.500000  1.20000  1.00000   0.9   0.8 0.500000   0.4   0.4   0.4   0.4   0.4   0.4   0.4   0.6   0.6 0.700000  0.6000 0.400000 0.300000
           Armenia Poverty_gap   19.570370  15.820000  12.785185  1.039037e+01   8.560000   7.218519  6.290370  5.700000  5.371852  5.230370  5.200000  5.500000  5.800000  4.300000  2.900000  2.400000  1.300000  0.80000  0.70000   0.4   0.5 0.500000   0.5   0.4   0.7   0.6   0.5   0.4   0.4   0.5   0.4 0.200000  0.3000 0.300000 0.300000
           Austria Poverty_gap   -5.400000  -2.500000  -0.800000  2.220446e-16   0.200000   0.100000  0.000000  0.000000  0.000000  0.100000  0.100000  0.000000  0.077778  0.222222  0.300000  0.100000  0.100000  0.10000  0.30000   0.3   0.5 0.400000   0.3   0.5   0.2   0.2   0.5   0.5   0.2   0.5   0.5 0.600000  0.4000 0.300000 0.333333
           Belarus Poverty_gap    0.200000   0.200000   0.200000  2.000000e-01   0.200000   0.200000  0.200000  3.077778  8.422222 11.300000 10.200000  7.400000  3.600000  2.500000  2.000000  0.800000  0.500000  0.20000  0.20000   0.1   0.1 0.000000   0.0   0.0   0.0   0.0   0.0   0.0   0.0   0.0   0.0 0.000000  0.0000 0.000000 0.000000
           Belgium Poverty_gap    1.151304   0.989372   0.837874  7.000000e-01   0.578937   0.477874  0.400000  0.333696  0.300000  0.300000  0.300000  0.300000  0.288488  0.254755  0.200000  0.000000  0.100000  0.10000  0.10000   0.1   0.1 0.100000   0.1   0.1   0.1   0.1   0.1   0.1   0.1   0.1   0.1 0.000000  0.0000 0.000000 0.000000
           Bolivia Poverty_gap   -1.321966   0.700000   2.718392  4.400000e+00   5.592201   6.506028  7.353755  8.347655  9.700000 12.126516 14.900000 17.000000 11.900000 12.900000  9.350000  5.800000  9.600000  7.80000  5.80000   4.8   4.8 3.850000   2.9   3.8   3.0   2.5   2.7   3.3   2.8   1.8   1.0 1.400000  0.9000 1.200000 0.800000
            Brazil Poverty_gap   11.200000  12.900000  12.977128  1.300000e+01  12.300000   9.848913  7.900000  8.800000  8.600000  7.700000  8.100000  7.716387  7.000000  6.200000  6.700000  5.800000  5.100000  4.30000  4.20000   3.4   3.3 3.147269   2.9   2.3   1.9   1.6   1.9   2.4   2.7   2.7   2.8 1.000000  2.9000 1.800000 1.300000
          Bulgaria Poverty_gap    0.000000   0.000000   0.000000  0.000000e+00   0.000000   0.000000  0.600000  0.300000  0.000000  0.187500  0.600000  1.012500  1.200000  0.850000  0.500000  1.303704  2.796296  3.60000  1.00000   0.7   0.6 1.000000   1.4   1.2   1.1   0.9   2.0   1.1   0.7   0.5   0.5 0.200000  0.3000 0.400000 0.500000
            Canada Poverty_gap    1.100000   0.900000   1.100000  7.000000e-01   1.100000   0.700000  0.600000  0.200000  0.200000  0.300000  0.300000  0.200000  0.200000  0.200000  0.200000  0.200000  0.200000  0.20000  0.10000   0.1   0.2 0.100000   0.1   0.1   0.2   0.1   0.2   0.2   0.2   0.1   0.1 0.000000 -0.1000 0.100000 0.900000
          Colombia Poverty_gap    7.100000   6.796591   6.600000  6.500000e+00   7.162759   8.717358 10.513277 11.900000 12.925312 13.818211 14.200000 12.800000 13.800000  8.000000  7.600000  6.600000  6.000000  6.12963  6.37037   6.5   5.6 4.800000   4.0   3.9   3.6   3.2   2.9   2.9   2.6   2.7   3.2 6.000000  4.4000 3.600000 3.000000
        Costa Rica Poverty_gap    7.000000   6.700000   7.600000  6.300000e+00   5.600000   4.500000  4.800000  5.400000  4.100000  3.200000  4.100000  4.300000  3.100000  2.900000  2.800000  2.600000  1.800000  1.90000  1.10000   1.4   1.5 0.900000   1.0   0.9   0.9   0.9   0.9   0.8   0.6   0.9   0.6 1.300000  0.7000 0.500000 0.500000
Dominican Republic Poverty_gap    6.300000   4.651852   3.337037  2.800000e+00   2.800000   2.800000  2.800000  2.800000  3.000000  2.990975  2.959729  2.900000  2.000000  3.100000  3.600000  4.600000  2.900000  2.30000  2.30000   2.0   1.7 1.300000   1.4   1.3   1.1   1.1   0.9   0.8   0.4   0.3   0.3 0.400000  0.3000 0.200000 0.400000
           Ecuador Poverty_gap -149.100000 -71.366667 -23.800000  7.500000e-01   9.433333   9.400000  7.800000  7.808353  7.838929  7.900000 11.900000 14.500000 12.659259  9.240741  7.400000  7.800000  5.900000  3.90000  4.20000   3.8   3.4 2.600000   2.3   2.1   1.4   1.2   1.7   1.7   1.5   1.5   1.5 2.900000  1.5000 1.400000 1.500000
       El Salvador Poverty_gap   12.900000  13.620833  13.800000  1.289375e+01  10.900000   8.906250  8.000000  8.900000 11.714441 13.900000 11.300000  7.700000  8.600000  8.800000 10.100000  7.000000  6.400000  4.00000  2.60000   3.8   3.7 3.200000   2.7   2.3   1.9   1.7   1.2   1.4   1.1   0.9   0.7 1.350000  2.0000 2.000000 1.700000
           Estonia Poverty_gap   -0.180000   0.062500   0.160000  1.575000e-01   0.100000   0.032500  0.000000  0.000000  0.000000  0.000000  0.350000  0.700000  0.700000  0.700000  1.600000  0.700000  0.500000  0.50000  0.30000   0.3   0.3 0.500000   0.7   0.5   0.7   0.6   0.4   0.3   0.2   0.2   0.4 0.200000  0.2000 0.300000 0.400000
            France Poverty_gap    0.100000   0.100000   0.100000  1.000000e-01   0.100000   0.100000  0.100000  0.100000  0.000000  0.000000  0.000000  0.000000  0.000000  0.000000  0.100000  0.000000  0.000000  0.00000  0.00000   0.0   0.0 0.100000   0.0   0.0   0.1   0.0   0.1   0.0   0.0   0.0   0.0 0.100000  0.0000 0.000000 0.000000
           Georgia Poverty_gap 1021.800000 623.100000 341.800000  1.581000e+02  52.200000   4.300000 -5.400000  3.300000 10.600000  9.900000 12.100000 13.000000 12.900000  6.900000  7.100000  6.700000  7.100000  7.00000  7.60000   6.7   6.7 7.800000   7.4   5.7   4.2   3.3   2.7   2.7   3.3   3.1   2.5 3.100000  2.9000 2.300000 1.300000
           Germany Poverty_gap    0.000000   0.000000   0.000000  0.000000e+00   0.000000   0.100000  0.100000  0.000000  0.000000  0.000000  0.000000  0.000000  0.000000  0.000000  0.000000  0.000000  0.000000  0.00000  0.00000   0.0   0.0 0.000000   0.0   0.0   0.0   0.0   0.0   0.0   0.1   0.0   0.1 0.200000  0.3000 0.400000 0.500000
          Honduras Poverty_gap   23.800000  25.500000  17.500000  1.460000e+01  12.100000  13.900000 14.600000 17.000000 10.700000 15.600000 15.500000 13.456731 11.500000 12.900000 15.800000 15.200000 15.800000 13.10000  8.80000   8.7   6.7 7.400000   8.2   9.8   8.0   7.1   7.0   8.1   7.6   7.8   6.9 6.901563  6.9125 6.942188 7.000000
           Hungary Poverty_gap    0.000000   0.900000   1.200000  6.000000e-01   0.000000   0.800000  0.690625  0.450000  0.209375  0.100000  0.200000  0.000000  0.000000  0.000000  0.000000  0.100000  0.500000  0.10000  0.10000   0.0   0.0 0.000000   0.1   0.2   0.1   0.5   0.4   0.9   0.5   0.2   0.2 0.300000  0.3000 0.300000 0.300000
         Indonesia Poverty_gap   31.648878  31.700000  31.652217  3.151555e+01  31.300000  29.451122 26.281116 24.600000 30.250000 35.900000 21.500000 21.400000 19.700000 11.700000 11.500000 12.000000 10.200000 13.10000 10.80000   9.6   9.6 8.300000   7.3   5.6   5.8   5.3   4.6   3.7   3.0   2.5   2.0 1.700000  1.5000 1.300000 1.100000
           Ireland Poverty_gap    0.200000   0.200000   0.200000  2.000000e-01   0.200000   0.200000  0.200000  0.100000  0.100000  0.100000  0.100000  0.100000  0.100000  0.100000  0.100000  0.000000  0.000000  0.20000  0.10000   0.1   0.4 0.400000   0.4   0.2   0.5   0.3   0.3   0.1   0.2   0.0   0.0 0.100000  0.1000 0.100000 0.100000
             Italy Poverty_gap    0.000000   0.061111   0.200000  5.888889e-01   0.900000   0.700000  0.500000  0.733333  1.166667  1.400000  1.250000  1.100000  1.150000  1.200000  0.600000  0.500000  0.500000  0.50000  0.50000   0.5   0.6 0.900000   0.9   0.9   1.1   0.9   1.4   1.2   1.1   1.0   0.8 0.600000  0.6000 0.500000 0.400000
            Latvia Poverty_gap    1.131034   0.605172   0.255172  6.034483e-02   0.000000   0.053448  0.200000  0.800000  1.100000  0.900000  0.751530  0.623703  0.509024  0.400000  0.300000  1.600000  1.500000  1.00000  0.40000   0.7   1.2 1.000000   0.6   0.7   0.8   0.5   0.4   0.4   0.4   0.2   0.2 0.300000  0.3000 0.200000 0.100000
         Lithuania Poverty_gap    8.166667   7.200000   5.833333  4.266667e+00   2.700000   1.333333  0.366667  0.000000  0.100000  0.200000  0.200000  0.200000  0.300000  0.200000  0.100000  1.700000  1.100000  0.90000  0.90000   0.9   1.4 1.100000   0.5   0.7   0.5   0.8   0.6   0.8   0.8   0.5   0.4 0.200000  0.2000 0.400000 0.600000
        Luxembourg Poverty_gap    0.000000   0.000000   0.000000  0.000000e+00   0.000000   0.000000  0.000000  0.000000  0.000000  0.000000  0.000000  0.000000  0.000000  0.000000  0.000000  0.000000  0.000000  0.00000  0.00000   0.0   0.0 0.000000   0.1   0.0   0.1   0.1   0.2   0.1   0.2   0.2   0.1 0.000000  0.0000 0.100000 0.200000
           Moldova Poverty_gap  -43.192308 -37.646154 -31.615385 -2.526154e+01 -18.746154 -12.230769 -5.876923  0.153846  5.700000 10.600000 14.800000 13.200000  9.700000  5.100000  2.000000  2.600000  4.300000  0.80000  0.40000   0.3   0.2 0.200000   0.1   0.1   0.0   0.0   0.0   0.1   0.0   0.0   0.0 0.000000  0.0000 0.000000 0.000000
            Panama Poverty_gap   18.400000  17.324711  16.300000  1.531187e+01  14.347169  13.433882 12.600000 11.703788 11.200000 11.600000 10.000000  8.500000 10.600000  7.100000  7.200000  6.400000  6.100000  6.90000  4.80000   3.0   1.9 2.600000   1.9   2.5   1.8   2.2   1.3   1.4   1.6   1.1   0.9 1.000000  1.1000 1.100000 1.100000
          Paraguay Poverty_gap   -2.282514   0.700000   3.160229  5.089257e+00   6.478171   7.318057  7.600000  7.183333  6.600000  6.343590  6.100000  5.623077  5.300000  7.800000  4.800000  3.300000  3.500000  4.50000  4.30000   2.4   3.0 3.100000   2.9   1.8   1.2   1.3   1.1   1.0   0.5   0.8   0.6 0.500000  0.4000 0.900000 0.700000
              Peru Poverty_gap  -12.203704  -5.740741  -0.500000  3.629630e+00   6.759259   9.000000 10.462963 11.259259 11.500000 11.000000 11.200000 10.600000 11.200000  9.800000  7.800000  8.700000  9.900000  8.60000  7.10000   5.7   4.6 3.600000   3.3   3.1   2.8   2.5   2.4   2.3   2.2   1.8   1.5 3.100000  1.4000 1.400000 1.700000
            Poland Poverty_gap    0.000000   0.070370   0.096296  1.000000e-01   0.000000   0.431818  1.000000  1.200000  0.600000  0.000000  0.400000  0.100000  0.100000  0.000000  0.000000  1.300000  0.500000  0.40000  0.30000   0.1   0.2 0.200000   0.2   0.1   0.2   0.2   0.3   0.2   0.2   0.2   0.0 0.100000  0.1000 0.200000 0.300000
           Romania Poverty_gap    0.000000   0.000000   0.000000  0.000000e+00   2.050000   4.100000  0.800000  0.900000  1.000000  0.800000  2.400000  2.700000  2.000000  2.100000  1.400000  0.800000  0.700000  3.80000  2.70000   2.1   1.5 2.200000   2.8   3.2   3.3   3.6   2.6   1.7   1.8   1.3   1.1 0.900000  0.9000 0.600000 0.300000
Russian Federation Poverty_gap   -5.822222  -3.000000  -0.977778  3.777778e-01   1.200000   1.622222  1.777778  1.800000  0.700000  1.000000  1.900000  1.300000  0.800000  0.400000  0.500000  0.400000  0.300000  0.20000  0.10000   0.0   0.0 0.000000   0.0   0.0   0.0   0.2   0.2   0.1   0.2   0.1   0.1 0.000000  0.1000 0.400000 0.900000
          Slovenia Poverty_gap    0.000000   0.000000   0.000000  0.000000e+00   0.000000   0.000000  0.000000  0.000000  0.000000  0.000000  0.000000  0.000000  0.000000  0.000000  0.000000  0.000000  0.100000  0.00000  0.00000   0.0   0.0 0.000000   0.0   0.0   0.0   0.0   0.0   0.0   0.0   0.0   0.0 0.000000  0.0000 0.000000 0.000000
             Spain Poverty_gap   -0.211111   0.300000   0.644444  8.388889e-01   0.900000   0.800000  0.900000  1.000000  0.700000  0.700000  0.500000  0.500000  0.525926  0.574074  0.600000  0.600000  0.600000  0.60000  0.30000   0.4   0.6 0.500000   0.9   0.6   0.8   0.5   0.7   0.8   0.5   0.6   0.6 0.600000  0.4000 0.500000 1.000000
            Sweden Poverty_gap   -0.130000  -0.045370   0.032593  1.000000e-01   0.152963   0.187593  0.200000  0.179200  0.129600  0.070400  0.020800  0.000000  0.100000  0.000000  0.300000  0.300000  0.800000  0.30000  0.30000   0.5   0.3 0.400000   0.4   0.4   0.5   0.4   0.3   0.2   0.2   0.6   0.2 0.300000  0.5000 0.900000 1.433333
          Thailand Poverty_gap    5.347379   4.900000   4.307460  3.600000e+00   2.623790   1.800000  1.425000  1.200000  1.062500  1.000000  1.500000  1.600000  1.254545  0.800000  0.614205  0.500000  0.452679  0.40000  0.20000   0.1   0.1 0.100000   0.0   0.1   0.0   0.0   0.0   0.0   0.0   0.0   0.0 0.000000  0.0000 0.000000 0.000000
    United Kingdom Poverty_gap    0.100000   0.000000   0.000000  1.000000e-01   0.100000   0.200000  0.200000  0.100000  0.100000  0.200000  0.200000  0.200000  0.200000  0.200000  0.200000  0.200000  0.200000  0.20000  0.20000   0.2   0.2 0.200000   0.2   0.2   0.2   0.2   0.2   0.2   0.2   0.3   0.3 0.300000  0.3000 0.300000 0.300000
     United States Poverty_gap    0.300000   0.300000   0.400000  4.000000e-01   0.400000   0.500000  0.500000  0.500000  0.600000  0.600000  0.500000  0.600000  0.700000  0.600000  0.800000  0.800000  0.800000  0.80000  0.80000   0.8   0.7 0.800000   0.8   0.8   0.8   1.0   0.9   0.9   1.0   0.8   0.8 0.300000  0.2000 1.000000 0.900000
           Uruguay Poverty_gap    0.300000   0.251852   0.214815  2.000000e-01   0.200000   0.200000  0.200000  0.200000  0.200000  0.200000  0.200000  0.200000  0.200000  0.200000  0.300000  0.400000  0.300000  0.20000  0.10000   0.1   0.1 0.100000   0.1   0.1   0.1   0.1   0.1   0.0   0.0   0.0   0.0 0.100000  0.1000 0.100000 0.100000