Interpolated poverty gap index values per country:

           Country    variable      1989      1990      1991      1992      1993      1994      1995      1996      1997      1998      1999      2000      2001      2002      2003      2004      2005      2006      2007      2008      2009      2010      2011      2012      2013      2014      2015      2016      2017      2018      2019      2020      2021      2022
            Brazil Poverty_gap 20.403696 23.992811 23.786220 23.291227 22.100883 17.992863 14.736035 16.004680 15.976236 14.337863 14.968738 14.287122 13.042174 11.738640 12.605869 11.055812  9.962901  8.264235  7.870375  6.507662  6.120392  5.763466  5.322490  4.493511  3.728552  3.325948  3.877473  4.733754  5.302752  5.306075  5.409223  1.951068  5.834562  3.505301
            Canada Poverty_gap  1.249350  1.248458  1.247662  0.746888  1.247629  0.989580  0.746809  0.249518  0.247711  0.499656  0.490963  0.247821  0.249382  0.242306  0.237109  0.243559  0.244990  0.249148  0.248252  0.245462  0.244310  0.248831  0.226145  0.246521  0.496485  0.242158  0.245904  0.248714  0.247011  0.249971  0.248638  0.241383  0.223327  0.189589
        Costa Rica Poverty_gap 10.552571 10.379871 12.413738  9.941776  8.527353  7.041064  7.149303  8.220924  6.724826  5.224196  6.818424  6.926794  5.094759  4.675287  4.724285  4.663471  3.333950  3.337846  1.820663  2.420610  2.477399  1.489236  1.750300  1.673368  1.642579  1.505303  1.573227  1.336738  1.172351  1.505753  1.057139  2.291326  1.242194  0.886874
Dominican Republic Poverty_gap 17.415000 14.998022 10.403267  7.615000  7.119716  6.754107  6.527730  6.450147  6.870507  6.856564  6.807938  6.714430  5.137963  7.614324  8.697802 11.607311  7.409543  6.255223  6.067928  5.448600  4.679977  3.869214  4.055294  3.848862  2.971823  3.355926  2.534987  2.030172  1.001545  0.835534  0.832687  0.959418  0.853729  0.757176
       El Salvador Poverty_gap 19.428000 21.366401 22.060562 20.685365 17.659931 14.634497 13.259300 15.262267 18.726092 21.031042 17.251175 12.942934 14.104641 14.728867 15.813787 11.488363 11.278455  7.650643  5.068491  7.717508  7.419960  6.345635  5.340929  4.637147  3.624729  3.441484  2.308848  2.632982  2.155499  1.842766  1.401915  2.494051  3.586186  3.363398
            France Poverty_gap  0.266187  0.247546  0.247627  0.247829  0.248092  0.248356  0.248558  0.248639  0.246097  0.000000  0.000000  0.000000  0.000000  0.000000  0.157358  0.049726  0.043055  0.027629  0.014868  0.009692  0.044349  0.087395  0.025783  0.060952  0.060390  0.018679  0.133555  0.058126  0.015888  0.021168  0.051449  0.114896  0.056357  0.000000
          Honduras Poverty_gap 39.960000 41.997000 30.774721 26.968342 21.429638 24.304441 26.229053 28.550964 19.590014 24.543867 24.925201 22.381159 19.837118 21.995176 26.499472 25.433020 25.067038 21.142117 15.642992 15.244036 12.322080 13.802202 14.323090 16.992704 14.568504 13.282177 12.977554 14.606982 13.855521 14.233573 12.742991 10.496305 10.831105 17.084981
         Indonesia Poverty_gap 65.256884 61.774166 61.538711 61.422176 61.187595 57.951896 52.333075 49.345770 58.829920 68.314070 43.987480 43.836050 40.336567 23.452720 22.823112 24.243776 20.130228 26.157452 21.551208 19.194849 18.845253 16.455803 14.102624 10.577222 10.808527  9.682687  8.451447  6.668349  4.302148  4.410075  3.355410  2.825925  2.857714  2.178291
             Italy Poverty_gap  0.000000  0.067740  0.228989  0.785926  1.249354  0.996651  0.743948  1.002817  1.483573  1.742441  1.495979  1.249517  1.373899  1.498281  0.769403  0.604521  0.647290  0.653436  0.680243  0.704179  0.911579  1.265289  1.156048  1.200608  1.373167  1.232120  1.948867  1.629945  1.421634  1.457647  0.994346  0.827792  0.814530  0.831704
            Panama Poverty_gap 22.412273 21.557529 20.110653 18.802658 17.397289 16.119686 15.194985 14.532321 14.206259 14.458805 12.275087 11.071512 14.045302  9.564354  9.879252  8.747402  8.564978  9.389637  6.665941  4.073149  2.528209  3.392067  2.452237  3.465146  2.244559  2.893775  1.513955  1.516927  2.097129  1.405645  1.004100  1.039686  1.108257  1.187490
             Spain Poverty_gap  0.410028  0.494426  0.727133  1.064920  1.237566  0.997527  1.482342  1.491116  0.985998  0.952705  0.720118  0.675388  0.706997  0.768243  0.808751  0.817652  0.737975  0.769632  0.363041  0.488919  0.805600  0.675725  1.127330  0.936594  1.136304  0.787157  0.903527  1.125280  0.678091  0.838615  0.793813  0.886366  0.564250  0.057029
            Sweden Poverty_gap  0.244888  0.244210  0.243709  0.243513  0.244482  0.246281  0.247249  0.221535  0.160217  0.087032  0.025714  0.000000  0.248678  0.000000  0.323710  0.397172  1.084583  0.364383  0.410839  0.576403  0.458016  0.547409  0.615651  0.457002  0.650871  0.474334  0.569155  0.261453  0.248350  0.725507  0.316519  0.389090  0.629285  0.947267
          Thailand Poverty_gap 15.184467 12.345011 10.636883  8.995007  6.539211  4.503987  3.664341  3.086195  2.492084  2.175271  3.950531  3.967492  2.977222  1.759295  1.402905  1.185712  1.064524  0.929875  0.541696  0.304469  0.247227  0.265238  0.071562  0.115321  0.060822  0.090258  0.046538  0.036147  0.037127  0.032134  0.095038  0.046665  0.013972  0.000000
    United Kingdom Poverty_gap  0.231823  0.000000  0.000000  0.240086  0.241170  0.246627  0.247141  0.246367  0.247251  0.245557  0.248532  0.248885  0.247931  0.249406  0.249873  0.249766  0.246650  0.230140  0.243775  0.246874  0.248928  0.246352  0.247306  0.244677  0.244458  0.246300  0.249247  0.249173  0.249297  0.498482  0.498038  0.499334  0.245101  0.000000
     United States Poverty_gap  0.499201  0.497143  0.499387  0.497899  0.499659  0.499793  0.499981  0.748545  0.749062  0.748834  0.748056  0.749595  0.749307  0.748916  0.997420  0.999882  0.999732  0.998909  0.999890  0.999749  0.999386  0.999727  0.998976  0.998480  0.995464  1.248947  1.249188  0.999391  1.249923  0.999792  0.999171  0.249974  0.248719  1.249186