 evaluated at each u in N by 3T dimension:
[[ 4.11368316e+01]
 [ 4.47259466e+01]
 [ 4.45193555e+01]
 [ 4.40243626e+01]
 [ 4.28340186e+01]
 [ 3.87259989e+01]
 [ 3.54691706e+01]
 [ 3.67378156e+01]
 [ 3.67093716e+01]
 [ 3.50709986e+01]
 [ 3.57018736e+01]
 [ 3.50202572e+01]
 [ 3.37753096e+01]
 [ 3.24717756e+01]
 [ 3.33390046e+01]
 [ 3.17889476e+01]
 [ 3.06960366e+01]
 [ 2.89973711e+01]
 [ 2.86035106e+01]
 [ 2.72407976e+01]
 [ 2.68535276e+01]
 [ 2.64966014e+01]
 [ 2.60556256e+01]
 [ 2.52266466e+01]
 [ 2.44616875e+01]
 [ 2.40590841e+01]
 [ 2.46106085e+01]
 [ 2.54668893e+01]
 [ 2.60358876e+01]
 [ 2.60392102e+01]
 [ 2.61423582e+01]
 [ 2.26842040e+01]
 [ 2.65676976e+01]
 [ 2.42384371e+01]
 [-2.24773489e+00]
 [-2.24862709e+00]
 [-2.24942239e+00]
 [-2.75019639e+00]
 [-2.24945549e+00]
 [-2.50750503e+00]
 [-2.75027594e+00]
 [-3.24756706e+00]
 [-3.24937341e+00]
 [-2.99742926e+00]
 [-3.00612185e+00]
 [-3.24926401e+00]
 [-3.24770335e+00]
 [-3.25477913e+00]
 [-3.25997636e+00]
 [-3.25352639e+00]
 [-3.25209503e+00]
 [-3.24793731e+00]
 [-3.24883247e+00]
 [-3.25162261e+00]
 [-3.25277518e+00]
 [-3.24825389e+00]
 [-3.27093949e+00]
 [-3.25056348e+00]
 [-3.00059942e+00]
 [-3.25492683e+00]
 [-3.25118041e+00]
 [-3.24837122e+00]
 [-3.25007423e+00]
 [-3.24711379e+00]
 [-3.24844735e+00]
 [-3.25570179e+00]
 [-3.27375775e+00]
 [-3.30749587e+00]
 [-5.81594572e+00]
 [-5.98864572e+00]
 [-3.95477872e+00]
 [-6.42674072e+00]
 [-7.84116372e+00]
 [-9.32745272e+00]
 [-9.21921372e+00]
 [-8.14759272e+00]
 [-9.64369042e+00]
 [-1.11443203e+01]
 [-9.55009272e+00]
 [-9.44172312e+00]
 [-1.12737577e+01]
 [-1.16932295e+01]
 [-1.16442317e+01]
 [-1.17050457e+01]
 [-1.30345671e+01]
 [-1.30306711e+01]
 [-1.45478537e+01]
 [-1.39479067e+01]
 [-1.38911174e+01]
 [-1.48792805e+01]
 [-1.46182171e+01]
 [-1.46951487e+01]
 [-1.47259379e+01]
 [-1.48632132e+01]
 [-1.47952899e+01]
 [-1.50317786e+01]
 [-1.51961656e+01]
 [-1.48627641e+01]
 [-1.53113772e+01]
 [-1.40771902e+01]
 [-1.51263228e+01]
 [-1.54816432e+01]
 [ 1.03106335e+01]
 [ 7.89365585e+00]
 [ 3.29890044e+00]
 [ 5.10633482e-01]
 [ 1.53498345e-02]
 [-3.50260010e-01]
 [-5.76636359e-01]
 [-6.54219518e-01]
 [-2.33859518e-01]
 [-2.47802257e-01]
 [-2.96428775e-01]
 [-3.89936518e-01]
 [-1.96640322e+00]
 [ 5.09957482e-01]
 [ 1.59343548e+00]
 [ 4.50294448e+00]
 [ 3.05176482e-01]
 [-8.49143518e-01]
 [-1.03643852e+00]
 [-1.65576652e+00]
 [-2.42438952e+00]
 [-3.23515272e+00]
 [-3.04907252e+00]
 [-3.25550452e+00]
 [-4.13254332e+00]
 [-3.74844092e+00]
 [-4.56937952e+00]
 [-5.07419422e+00]
 [-6.10282132e+00]
 [-6.26883212e+00]
 [-6.27167998e+00]
 [-6.14494816e+00]
 [-6.25063799e+00]
 [-6.34719096e+00]
 [ 5.90763485e+01]
 [ 6.10147495e+01]
 [ 6.17089105e+01]
 [ 6.03337134e+01]
 [ 5.73082795e+01]
 [ 5.42828457e+01]
 [ 5.29076485e+01]
 [ 5.49106155e+01]
 [ 5.83744410e+01]
 [ 6.06793905e+01]
 [ 5.68995235e+01]
 [ 5.25912825e+01]
 [ 5.37529895e+01]
 [ 5.43772155e+01]
 [ 5.54621355e+01]
 [ 5.11367115e+01]
 [ 5.09268035e+01]
 [ 4.72989915e+01]
 [ 4.47168390e+01]
 [ 4.73658568e+01]
 [ 4.70683085e+01]
 [ 4.59939835e+01]
 [ 4.49892780e+01]
 [ 4.42854959e+01]
 [ 4.32730777e+01]
 [ 4.30898327e+01]
 [ 4.19571965e+01]
 [ 4.22813305e+01]
 [ 4.18038477e+01]
 [ 4.14911148e+01]
 [ 4.10502637e+01]
 [ 4.21423992e+01]
 [ 4.32345347e+01]
 [ 4.30117465e+01]
 [ 1.34791352e+00]
 [ 1.32927222e+00]
 [ 1.32935318e+00]
 [ 1.32955556e+00]
 [ 1.32981865e+00]
 [ 1.33008175e+00]
 [ 1.33028413e+00]
 [ 1.33036508e+00]
 [ 1.32782315e+00]
 [ 1.08172617e+00]
 [ 1.08172617e+00]
 [ 1.08172617e+00]
 [ 1.08172617e+00]
 [ 1.08172617e+00]
 [ 1.23908368e+00]
 [ 1.13145212e+00]
 [ 1.12478163e+00]
 [ 1.10935468e+00]
 [ 1.09659404e+00]
 [ 1.09141841e+00]
 [ 1.12607517e+00]
 [ 1.16912074e+00]
 [ 1.10750957e+00]
 [ 1.14267859e+00]
 [ 1.14211625e+00]
 [ 1.10040484e+00]
 [ 1.21528121e+00]
 [ 1.13985206e+00]
 [ 1.09761440e+00]
 [ 1.10289423e+00]
 [ 1.13317517e+00]
 [ 1.19662199e+00]
 [ 1.13808356e+00]
 [ 1.08172617e+00]
 [ 8.61986431e+01]
 [ 8.82356431e+01]
 [ 7.70133641e+01]
 [ 7.32069851e+01]
 [ 6.76682811e+01]
 [ 7.05430841e+01]
 [ 7.24676961e+01]
 [ 7.47896071e+01]
 [ 6.58286571e+01]
 [ 7.07825101e+01]
 [ 7.11638441e+01]
 [ 6.86198026e+01]
 [ 6.60757611e+01]
 [ 6.82338191e+01]
 [ 7.27381151e+01]
 [ 7.16716631e+01]
 [ 7.13056811e+01]
 [ 6.73807601e+01]
 [ 6.18816351e+01]
 [ 6.14826791e+01]
 [ 5.85607231e+01]
 [ 6.00408451e+01]
 [ 6.05617331e+01]
 [ 6.32313471e+01]
 [ 6.08071471e+01]
 [ 5.95208201e+01]
 [ 5.92161971e+01]
 [ 6.08456251e+01]
 [ 6.00941641e+01]
 [ 6.04722161e+01]
 [ 5.89816341e+01]
 [ 5.67349481e+01]
 [ 5.70697481e+01]
 [ 6.33236241e+01]
 [ 4.14310269e+00]
 [ 6.60384898e-01]
 [ 4.24930061e-01]
 [ 3.08394574e-01]
 [ 7.38138984e-02]
 [-3.16188508e+00]
 [-8.78070642e+00]
 [-1.17680111e+01]
 [-2.28386110e+00]
 [ 7.20028890e+00]
 [-1.71263011e+01]
 [-1.72777311e+01]
 [-2.07772141e+01]
 [-3.76610611e+01]
 [-3.82906691e+01]
 [-3.68700051e+01]
 [-4.09835531e+01]
 [-3.49563291e+01]
 [-3.95625731e+01]
 [-4.19189321e+01]
 [-4.22685281e+01]
 [-4.46579781e+01]
 [-4.70111571e+01]
 [-5.05365591e+01]
 [-5.03052541e+01]
 [-5.14310941e+01]
 [-5.26623341e+01]
 [-5.44454318e+01]
 [-5.68116331e+01]
 [-5.67037064e+01]
 [-5.77583708e+01]
 [-5.82878562e+01]
 [-5.82560667e+01]
 [-5.89354903e+01]
 [ 6.01155296e+00]
 [ 6.07929283e+00]
 [ 6.24054196e+00]
 [ 6.79747905e+00]
 [ 7.26090686e+00]
 [ 7.00820414e+00]
 [ 6.75550142e+00]
 [ 7.01436991e+00]
 [ 7.49512568e+00]
 [ 7.75399416e+00]
 [ 7.50753211e+00]
 [ 7.26107006e+00]
 [ 7.38545191e+00]
 [ 7.50983376e+00]
 [ 6.78095626e+00]
 [ 6.61607356e+00]
 [ 6.65884316e+00]
 [ 6.66498920e+00]
 [ 6.69179596e+00]
 [ 6.71573243e+00]
 [ 6.92313221e+00]
 [ 7.27684246e+00]
 [ 7.16760096e+00]
 [ 7.21216146e+00]
 [ 7.38472026e+00]
 [ 7.24367326e+00]
 [ 7.96041946e+00]
 [ 7.64149836e+00]
 [ 7.43318726e+00]
 [ 7.46919976e+00]
 [ 7.00589886e+00]
 [ 6.83934471e+00]
 [ 6.82608336e+00]
 [ 6.84325680e+00]
 [ 1.36154410e+01]
 [ 1.27606967e+01]
 [ 1.13138210e+01]
 [ 1.00058256e+01]
 [ 8.60045713e+00]
 [ 7.32285358e+00]
 [ 6.39815304e+00]
 [ 5.73548928e+00]
 [ 5.40942704e+00]
 [ 5.66197304e+00]
 [ 3.47825504e+00]
 [ 2.27468004e+00]
 [ 5.24847004e+00]
 [ 7.67522037e-01]
 [ 1.08242004e+00]
 [-4.94299632e-02]
 [-2.31853963e-01]
 [ 5.92805037e-01]
 [-2.13089096e+00]
 [-4.72368326e+00]
 [-6.26862326e+00]
 [-5.40476526e+00]
 [-6.34459496e+00]
 [-5.33168616e+00]
 [-6.55227266e+00]
 [-5.90305746e+00]
 [-7.28287716e+00]
 [-7.27990516e+00]
 [-6.69970336e+00]
 [-7.39118706e+00]
 [-7.79273236e+00]
 [-7.75714607e+00]
 [-7.68857466e+00]
 [-7.60934219e+00]
 [ 3.23286973e+00]
 [ 3.31726791e+00]
 [ 3.54997439e+00]
 [ 3.88776189e+00]
 [ 4.06040731e+00]
 [ 3.82036821e+00]
 [ 4.30518381e+00]
 [ 4.31395781e+00]
 [ 3.80883921e+00]
 [ 3.77554596e+00]
 [ 3.54295941e+00]
 [ 3.49822957e+00]
 [ 3.52983867e+00]
 [ 3.59108398e+00]
 [ 3.63159251e+00]
 [ 3.64049316e+00]
 [ 3.56081631e+00]
 [ 3.59247315e+00]
 [ 3.18588227e+00]
 [ 3.31176001e+00]
 [ 3.62844187e+00]
 [ 3.49856657e+00]
 [ 3.95017111e+00]
 [ 3.75943506e+00]
 [ 3.95914541e+00]
 [ 3.60999861e+00]
 [ 3.72636837e+00]
 [ 3.94812111e+00]
 [ 3.50093246e+00]
 [ 3.66145591e+00]
 [ 3.61665488e+00]
 [ 3.70920771e+00]
 [ 3.38709171e+00]
 [ 2.87987005e+00]
 [ 9.23076572e-01]
 [ 9.22399088e-01]
 [ 9.21897952e-01]
 [ 9.21702226e-01]
 [ 9.22670800e-01]
 [ 9.24469581e-01]
 [ 9.25438156e-01]
 [ 8.99724246e-01]
 [ 8.38406462e-01]
 [ 7.65220720e-01]
 [ 7.03902935e-01]
 [ 6.78189026e-01]
 [ 9.26866846e-01]
 [ 6.78189026e-01]
 [ 1.00189867e+00]
 [ 1.07536103e+00]
 [ 1.76277223e+00]
 [ 1.04257165e+00]
 [ 1.08902820e+00]
 [ 1.25459153e+00]
 [ 1.13620495e+00]
 [ 1.22559823e+00]
 [ 1.29384033e+00]
 [ 1.13519116e+00]
 [ 1.32906049e+00]
 [ 1.15252255e+00]
 [ 1.24734413e+00]
 [ 9.39641676e-01]
 [ 9.26538976e-01]
 [ 1.40369587e+00]
 [ 9.94707626e-01]
 [ 1.06727855e+00]
 [ 1.30747373e+00]
 [ 1.62545641e+00]
 [ 1.39347017e+01]
 [ 1.10952456e+01]
 [ 9.38711800e+00]
 [ 7.74524209e+00]
 [ 5.28944514e+00]
 [ 3.25422159e+00]
 [ 2.41457533e+00]
 [ 1.83642979e+00]
 [ 1.24231823e+00]
 [ 9.25505593e-01]
 [ 2.70076559e+00]
 [ 2.71772619e+00]
 [ 1.72745635e+00]
 [ 5.09529293e-01]
 [ 1.53139846e-01]
 [-6.40539066e-02]
 [-1.85240958e-01]
 [-3.19890267e-01]
 [-7.08069457e-01]
 [-9.45296747e-01]
 [-1.00253880e+00]
 [-9.84527177e-01]
 [-1.17820388e+00]
 [-1.13444489e+00]
 [-1.18894351e+00]
 [-1.15950715e+00]
 [-1.20322789e+00]
 [-1.21361791e+00]
 [-1.21263862e+00]
 [-1.21763145e+00]
 [-1.15472781e+00]
 [-1.20310007e+00]
 [-1.23579322e+00]
 [-1.24976541e+00]
 [ 1.41117761e+00]
 [ 1.17935500e+00]
 [ 1.17935500e+00]
 [ 1.41944074e+00]
 [ 1.42052500e+00]
 [ 1.42598226e+00]
 [ 1.42649642e+00]
 [ 1.42572219e+00]
 [ 1.42660612e+00]
 [ 1.42491244e+00]
 [ 1.42788688e+00]
 [ 1.42824040e+00]
 [ 1.42728582e+00]
 [ 1.42876077e+00]
 [ 1.42922773e+00]
 [ 1.42912142e+00]
 [ 1.42600482e+00]
 [ 1.40949463e+00]
 [ 1.42313041e+00]
 [ 1.42622950e+00]
 [ 1.42828271e+00]
 [ 1.42570663e+00]
 [ 1.42666121e+00]
 [ 1.42403162e+00]
 [ 1.42381323e+00]
 [ 1.42565547e+00]
 [ 1.42860242e+00]
 [ 1.42852787e+00]
 [ 1.42865156e+00]
 [ 1.67783723e+00]
 [ 1.67739347e+00]
 [ 1.67868877e+00]
 [ 1.42445554e+00]
 [ 1.17935500e+00]
 [ 2.52742605e+00]
 [ 2.52536805e+00]
 [ 2.52761204e+00]
 [ 2.52612416e+00]
 [ 2.52788336e+00]
 [ 2.52801756e+00]
 [ 2.52820618e+00]
 [ 2.77677021e+00]
 [ 2.77728645e+00]
 [ 2.77705891e+00]
 [ 2.77628104e+00]
 [ 2.77782015e+00]
 [ 2.77753171e+00]
 [ 2.77714066e+00]
 [ 3.02564461e+00]
 [ 3.02810691e+00]
 [ 3.02795665e+00]
 [ 3.02713391e+00]
 [ 3.02811526e+00]
 [ 3.02797405e+00]
 [ 3.02761091e+00]
 [ 3.02795164e+00]
 [ 3.02720101e+00]
 [ 3.02670447e+00]
 [ 3.02368866e+00]
 [ 3.27717161e+00]
 [ 3.27741291e+00]
 [ 3.02761591e+00]
 [ 3.27814771e+00]
 [ 3.02801671e+00]
 [ 3.02739535e+00]
 [ 2.27819890e+00]
 [ 2.27694377e+00]
 [ 3.27741051e+00]]