Fixed effect-removed result:
[[ 5.39092998e+01]
 [ 5.74984148e+01]
 [ 5.72918237e+01]
 [ 5.67968308e+01]
 [ 5.56064868e+01]
 [ 5.14984671e+01]
 [ 4.82416388e+01]
 [ 4.95102838e+01]
 [ 4.94818398e+01]
 [ 4.78434668e+01]
 [ 4.84743418e+01]
 [ 4.77927254e+01]
 [ 4.65477778e+01]
 [ 4.52442438e+01]
 [ 4.61114728e+01]
 [ 4.45614158e+01]
 [ 4.34685048e+01]
 [ 4.17698393e+01]
 [ 4.13759788e+01]
 [ 4.00132658e+01]
 [ 3.96259958e+01]
 [ 3.92690696e+01]
 [ 3.88280938e+01]
 [ 3.79991148e+01]
 [ 3.72341557e+01]
 [ 3.68315523e+01]
 [ 3.73830767e+01]
 [ 3.82393575e+01]
 [ 3.88083558e+01]
 [ 3.88116784e+01]
 [ 3.89148264e+01]
 [ 3.54566722e+01]
 [ 3.93401658e+01]
 [ 3.70109053e+01]
 [ 2.26138240e-01]
 [ 2.25246040e-01]
 [ 2.24450740e-01]
 [-2.76323260e-01]
 [ 2.24417640e-01]
 [-3.36319002e-02]
 [-2.76402810e-01]
 [-7.73693930e-01]
 [-7.75500280e-01]
 [-5.23556130e-01]
 [-5.32248720e-01]
 [-7.75390880e-01]
 [-7.73830220e-01]
 [-7.80906000e-01]
 [-7.86103230e-01]
 [-7.79653260e-01]
 [-7.78221900e-01]
 [-7.74064180e-01]
 [-7.74959340e-01]
 [-7.77749480e-01]
 [-7.78902050e-01]
 [-7.74380760e-01]
 [-7.97066360e-01]
 [-7.76690350e-01]
 [-5.26726290e-01]
 [-7.81053700e-01]
 [-7.77307280e-01]
 [-7.74498090e-01]
 [-7.76201100e-01]
 [-7.73240660e-01]
 [-7.74574220e-01]
 [-7.81828660e-01]
 [-7.99884620e-01]
 [-8.33622740e-01]
 [ 7.88210253e+00]
 [ 7.70940253e+00]
 [ 9.74326953e+00]
 [ 7.27130753e+00]
 [ 5.85688453e+00]
 [ 4.37059553e+00]
 [ 4.47883453e+00]
 [ 5.55045553e+00]
 [ 4.05435783e+00]
 [ 2.55372793e+00]
 [ 4.14795553e+00]
 [ 4.25632513e+00]
 [ 2.42429053e+00]
 [ 2.00481873e+00]
 [ 2.05381653e+00]
 [ 1.99300253e+00]
 [ 6.63481129e-01]
 [ 6.67377129e-01]
 [-8.49805471e-01]
 [-2.49858471e-01]
 [-1.93069171e-01]
 [-1.18123227e+00]
 [-9.20168871e-01]
 [-9.97100471e-01]
 [-1.02788967e+00]
 [-1.16516497e+00]
 [-1.09724167e+00]
 [-1.33373037e+00]
 [-1.49811737e+00]
 [-1.16471587e+00]
 [-1.61332897e+00]
 [-3.79141971e-01]
 [-1.42827457e+00]
 [-1.78359493e+00]
 [ 5.02161993e+01]
 [ 4.77992217e+01]
 [ 4.32044663e+01]
 [ 4.04161993e+01]
 [ 3.99209157e+01]
 [ 3.95553058e+01]
 [ 3.93289295e+01]
 [ 3.92513463e+01]
 [ 3.96717063e+01]
 [ 3.96577636e+01]
 [ 3.96091371e+01]
 [ 3.95156293e+01]
 [ 3.79391626e+01]
 [ 4.04155233e+01]
 [ 4.14990013e+01]
 [ 4.44085103e+01]
 [ 4.02107423e+01]
 [ 3.90564223e+01]
 [ 3.88691273e+01]
 [ 3.82497993e+01]
 [ 3.74811763e+01]
 [ 3.66704131e+01]
 [ 3.68564933e+01]
 [ 3.66500613e+01]
 [ 3.57730225e+01]
 [ 3.61571249e+01]
 [ 3.53361863e+01]
 [ 3.48313716e+01]
 [ 3.38027445e+01]
 [ 3.36367337e+01]
 [ 3.36338858e+01]
 [ 3.37606177e+01]
 [ 3.36549278e+01]
 [ 3.35583749e+01]
 [ 7.93396534e+01]
 [ 8.12780544e+01]
 [ 8.19722154e+01]
 [ 8.05970182e+01]
 [ 7.75715844e+01]
 [ 7.45461506e+01]
 [ 7.31709534e+01]
 [ 7.51739204e+01]
 [ 7.86377459e+01]
 [ 8.09426954e+01]
 [ 7.71628284e+01]
 [ 7.28545874e+01]
 [ 7.40162944e+01]
 [ 7.46405204e+01]
 [ 7.57254404e+01]
 [ 7.14000164e+01]
 [ 7.11901084e+01]
 [ 6.75622964e+01]
 [ 6.49801439e+01]
 [ 6.76291617e+01]
 [ 6.73316134e+01]
 [ 6.62572884e+01]
 [ 6.52525829e+01]
 [ 6.45488008e+01]
 [ 6.35363826e+01]
 [ 6.33531376e+01]
 [ 6.22205014e+01]
 [ 6.25446354e+01]
 [ 6.20671526e+01]
 [ 6.17544197e+01]
 [ 6.13135686e+01]
 [ 6.24057041e+01]
 [ 6.34978396e+01]
 [ 6.32750514e+01]
 [ 2.95017954e+00]
 [ 2.93153825e+00]
 [ 2.93161920e+00]
 [ 2.93182158e+00]
 [ 2.93208468e+00]
 [ 2.93234777e+00]
 [ 2.93255015e+00]
 [ 2.93263111e+00]
 [ 2.93008918e+00]
 [ 2.68399220e+00]
 [ 2.68399220e+00]
 [ 2.68399220e+00]
 [ 2.68399220e+00]
 [ 2.68399220e+00]
 [ 2.84134971e+00]
 [ 2.73371814e+00]
 [ 2.72704765e+00]
 [ 2.71162070e+00]
 [ 2.69886006e+00]
 [ 2.69368444e+00]
 [ 2.72834120e+00]
 [ 2.77138677e+00]
 [ 2.70977559e+00]
 [ 2.74494461e+00]
 [ 2.74438228e+00]
 [ 2.70267087e+00]
 [ 2.81754724e+00]
 [ 2.74211808e+00]
 [ 2.69988042e+00]
 [ 2.70516025e+00]
 [ 2.73544119e+00]
 [ 2.79888802e+00]
 [ 2.74034958e+00]
 [ 2.68399220e+00]
 [ 8.94951426e+01]
 [ 9.15321426e+01]
 [ 8.03098636e+01]
 [ 7.65034846e+01]
 [ 7.09647806e+01]
 [ 7.38395836e+01]
 [ 7.57641956e+01]
 [ 7.80861066e+01]
 [ 6.91251566e+01]
 [ 7.40790096e+01]
 [ 7.44603436e+01]
 [ 7.19163021e+01]
 [ 6.93722606e+01]
 [ 7.15303186e+01]
 [ 7.60346146e+01]
 [ 7.49681626e+01]
 [ 7.46021806e+01]
 [ 7.06772596e+01]
 [ 6.51781346e+01]
 [ 6.47791786e+01]
 [ 6.18572226e+01]
 [ 6.33373446e+01]
 [ 6.38582326e+01]
 [ 6.65278466e+01]
 [ 6.41036466e+01]
 [ 6.28173196e+01]
 [ 6.25126966e+01]
 [ 6.41421246e+01]
 [ 6.33906636e+01]
 [ 6.37687156e+01]
 [ 6.22781336e+01]
 [ 6.00314476e+01]
 [ 6.03662476e+01]
 [ 6.66201236e+01]
 [-9.99087095e+01]
 [-1.03391427e+02]
 [-1.03626882e+02]
 [-1.03743418e+02]
 [-1.03977998e+02]
 [-1.07213697e+02]
 [-1.12832519e+02]
 [-1.15819823e+02]
 [-1.06335673e+02]
 [-9.68515233e+01]
 [-1.21178113e+02]
 [-1.21329543e+02]
 [-1.24829026e+02]
 [-1.41712873e+02]
 [-1.42342481e+02]
 [-1.40921817e+02]
 [-1.45035365e+02]
 [-1.39008141e+02]
 [-1.43614385e+02]
 [-1.45970744e+02]
 [-1.46320340e+02]
 [-1.48709790e+02]
 [-1.51062969e+02]
 [-1.54588371e+02]
 [-1.54357066e+02]
 [-1.55482906e+02]
 [-1.56714146e+02]
 [-1.58497244e+02]
 [-1.60863445e+02]
 [-1.60755519e+02]
 [-1.61810183e+02]
 [-1.62339668e+02]
 [-1.62307879e+02]
 [-1.62987303e+02]
 [ 3.92606857e+00]
 [ 3.99380844e+00]
 [ 4.15505757e+00]
 [ 4.71199465e+00]
 [ 5.17542247e+00]
 [ 4.92271975e+00]
 [ 4.67001703e+00]
 [ 4.92888552e+00]
 [ 5.40964128e+00]
 [ 5.66850977e+00]
 [ 5.42204772e+00]
 [ 5.17558567e+00]
 [ 5.29996752e+00]
 [ 5.42434937e+00]
 [ 4.69547187e+00]
 [ 4.53058917e+00]
 [ 4.57335877e+00]
 [ 4.57950481e+00]
 [ 4.60631157e+00]
 [ 4.63024804e+00]
 [ 4.83764782e+00]
 [ 5.19135807e+00]
 [ 5.08211657e+00]
 [ 5.12667707e+00]
 [ 5.29923587e+00]
 [ 5.15818887e+00]
 [ 5.87493507e+00]
 [ 5.55601397e+00]
 [ 5.34770287e+00]
 [ 5.38371537e+00]
 [ 4.92041447e+00]
 [ 4.75386032e+00]
 [ 4.74059897e+00]
 [ 4.75777241e+00]
 [ 3.01334390e+01]
 [ 2.92786948e+01]
 [ 2.78318190e+01]
 [ 2.65238236e+01]
 [ 2.51184551e+01]
 [ 2.38408516e+01]
 [ 2.29161510e+01]
 [ 2.22534873e+01]
 [ 2.19274250e+01]
 [ 2.21799710e+01]
 [ 1.99962530e+01]
 [ 1.87926780e+01]
 [ 2.17664680e+01]
 [ 1.72855200e+01]
 [ 1.76004180e+01]
 [ 1.64685680e+01]
 [ 1.62861440e+01]
 [ 1.71108030e+01]
 [ 1.43871070e+01]
 [ 1.17943147e+01]
 [ 1.02493747e+01]
 [ 1.11132327e+01]
 [ 1.01734030e+01]
 [ 1.11863118e+01]
 [ 9.96572534e+00]
 [ 1.06149405e+01]
 [ 9.23512084e+00]
 [ 9.23809284e+00]
 [ 9.81829464e+00]
 [ 9.12681094e+00]
 [ 8.72526564e+00]
 [ 8.76085194e+00]
 [ 8.82942334e+00]
 [ 8.90865582e+00]
 [-2.50633954e+00]
 [-2.42194137e+00]
 [-2.18923488e+00]
 [-1.85144738e+00]
 [-1.67880197e+00]
 [-1.91884107e+00]
 [-1.43402547e+00]
 [-1.42525147e+00]
 [-1.93037007e+00]
 [-1.96366332e+00]
 [-2.19624987e+00]
 [-2.24097971e+00]
 [-2.20937060e+00]
 [-2.14812529e+00]
 [-2.10761677e+00]
 [-2.09871612e+00]
 [-2.17839297e+00]
 [-2.14673613e+00]
 [-2.55332701e+00]
 [-2.42744927e+00]
 [-2.11076741e+00]
 [-2.24064271e+00]
 [-1.78903817e+00]
 [-1.97977422e+00]
 [-1.78006387e+00]
 [-2.12921067e+00]
 [-2.01284091e+00]
 [-1.79108817e+00]
 [-2.23827682e+00]
 [-2.07775337e+00]
 [-2.12255440e+00]
 [-2.03000157e+00]
 [-2.35211757e+00]
 [-2.85933923e+00]
 [ 1.47618560e+00]
 [ 1.47550811e+00]
 [ 1.47500698e+00]
 [ 1.47481125e+00]
 [ 1.47577983e+00]
 [ 1.47757861e+00]
 [ 1.47854718e+00]
 [ 1.45283327e+00]
 [ 1.39151549e+00]
 [ 1.31832975e+00]
 [ 1.25701196e+00]
 [ 1.23129805e+00]
 [ 1.47997587e+00]
 [ 1.23129805e+00]
 [ 1.55500769e+00]
 [ 1.62847005e+00]
 [ 2.31588125e+00]
 [ 1.59568067e+00]
 [ 1.64213722e+00]
 [ 1.80770055e+00]
 [ 1.68931397e+00]
 [ 1.77870725e+00]
 [ 1.84694935e+00]
 [ 1.68830018e+00]
 [ 1.88216951e+00]
 [ 1.70563157e+00]
 [ 1.80045315e+00]
 [ 1.49275070e+00]
 [ 1.47964800e+00]
 [ 1.95680489e+00]
 [ 1.54781665e+00]
 [ 1.62038757e+00]
 [ 1.86058275e+00]
 [ 2.17856543e+00]
 [ 2.17661121e+01]
 [ 1.89266560e+01]
 [ 1.72185284e+01]
 [ 1.55766525e+01]
 [ 1.31208555e+01]
 [ 1.10856320e+01]
 [ 1.02459857e+01]
 [ 9.66784018e+00]
 [ 9.07372862e+00]
 [ 8.75691598e+00]
 [ 1.05321760e+01]
 [ 1.05491366e+01]
 [ 9.55886674e+00]
 [ 8.34093968e+00]
 [ 7.98455023e+00]
 [ 7.76735648e+00]
 [ 7.64616943e+00]
 [ 7.51152012e+00]
 [ 7.12334093e+00]
 [ 6.88611364e+00]
 [ 6.82887159e+00]
 [ 6.84688321e+00]
 [ 6.65320651e+00]
 [ 6.69696550e+00]
 [ 6.64246687e+00]
 [ 6.67190323e+00]
 [ 6.62818250e+00]
 [ 6.61779248e+00]
 [ 6.61877177e+00]
 [ 6.61377893e+00]
 [ 6.67668258e+00]
 [ 6.62831031e+00]
 [ 6.59561716e+00]
 [ 6.58164498e+00]
 [ 2.04520149e+00]
 [ 1.81337888e+00]
 [ 1.81337888e+00]
 [ 2.05346462e+00]
 [ 2.05454888e+00]
 [ 2.06000614e+00]
 [ 2.06052030e+00]
 [ 2.05974607e+00]
 [ 2.06063000e+00]
 [ 2.05893632e+00]
 [ 2.06191076e+00]
 [ 2.06226428e+00]
 [ 2.06130970e+00]
 [ 2.06278465e+00]
 [ 2.06325161e+00]
 [ 2.06314530e+00]
 [ 2.06002870e+00]
 [ 2.04351851e+00]
 [ 2.05715429e+00]
 [ 2.06025338e+00]
 [ 2.06230659e+00]
 [ 2.05973051e+00]
 [ 2.06068509e+00]
 [ 2.05805550e+00]
 [ 2.05783711e+00]
 [ 2.05967935e+00]
 [ 2.06262630e+00]
 [ 2.06255175e+00]
 [ 2.06267544e+00]
 [ 2.31186111e+00]
 [ 2.31141735e+00]
 [ 2.31271265e+00]
 [ 2.05847942e+00]
 [ 1.81337888e+00]
 [ 2.77708897e+00]
 [ 2.77503097e+00]
 [ 2.77727496e+00]
 [ 2.77578708e+00]
 [ 2.77754628e+00]
 [ 2.77768048e+00]
 [ 2.77786910e+00]
 [ 3.02643313e+00]
 [ 3.02694937e+00]
 [ 3.02672183e+00]
 [ 3.02594396e+00]
 [ 3.02748307e+00]
 [ 3.02719463e+00]
 [ 3.02680358e+00]
 [ 3.27530753e+00]
 [ 3.27776983e+00]
 [ 3.27761957e+00]
 [ 3.27679683e+00]
 [ 3.27777818e+00]
 [ 3.27763697e+00]
 [ 3.27727383e+00]
 [ 3.27761456e+00]
 [ 3.27686393e+00]
 [ 3.27636739e+00]
 [ 3.27335158e+00]
 [ 3.52683453e+00]
 [ 3.52707583e+00]
 [ 3.27727883e+00]
 [ 3.52781063e+00]
 [ 3.27767963e+00]
 [ 3.27705827e+00]
 [ 2.52786182e+00]
 [ 2.52660669e+00]
 [ 3.52707343e+00]]