Coeffficients reshaped:
[[ 7.58556560e+01 -8.06525979e-01 -1.11580048e+01 -4.67053910e+01]
 [ 7.72574371e+01 -7.68154818e-01 -3.00026633e+01 -3.24522862e+01]
 [ 7.70050998e+01 -7.06692024e-01 -4.25842261e+01 -2.09826759e+01]
 [ 7.63731087e+01 -6.64473071e-01 -5.04496981e+01 -1.25542934e+01]
 [ 7.49273021e+01 -6.00213784e-01 -5.92245830e+01 -1.71005588e+00]
 [ 6.98352491e+01 -2.69601959e-01 -9.59151558e+01  3.79485702e+01]
 [ 6.07916410e+01 -3.96362763e-02 -1.15250435e+02  7.53752050e+01]
 [ 3.74925949e+01 -2.74991238e-01 -6.74846924e+01  1.05427142e+02]
 [ 3.67242681e+01 -6.07306826e-01 -3.76805091e+01  9.25135837e+01]
 [ 5.76228043e+01 -6.38762979e-01 -6.99580704e+01  6.78901380e+01]
 [ 1.53857414e+02 -3.57443709e-01 -2.95659352e+02  2.82235851e+01]
 [ 1.19207795e+02 -4.14660418e-01 -2.22571721e+02  4.83209991e+01]
 [ 5.26396054e+01 -5.52939629e-01 -8.00321066e+01  8.72790340e+01]
 [-1.19537541e+02 -7.02610399e-01  3.48387194e+02  9.38529327e+01]
 [-2.50718541e+02 -8.25841335e-01  6.89136014e+02  8.00146702e+01]
 [-2.77860889e+02 -8.86970948e-01  7.62900992e+02  7.47764619e+01]
 [-2.92578278e+02 -9.48197839e-01  8.04516201e+02  7.16982146e+01]
 [-1.65536095e+02 -3.98091630e-01  4.43377369e+02  9.10588434e+01]
 [-1.33883480e+01  5.86839073e-01  6.95450612e+00  9.41061483e+01]
 [ 1.20851271e+01  8.61979190e-01 -7.42005592e+01  9.71485913e+01]
 [-2.97578813e+01  6.10383179e-01  2.63856905e+01  1.22527938e+02]
 [-8.03622410e-01  5.01715960e-02 -4.76669174e+01  1.69866009e+02]
 [ 7.02562354e+01 -7.01392149e-01 -2.64613898e+02  2.89778988e+02]
 [ 7.41069400e+01 -7.43457817e-01 -2.31448542e+02  2.27858062e+02]
 [ 6.06553692e+01 -6.53221833e-01 -1.66351947e+02  1.72237072e+02]
 [ 9.40144280e+00 -3.16755855e-01  2.64511122e+01  4.57968546e+01]
 [-2.26823093e+00 -2.08401387e-01  6.46018754e+01  2.26197139e+01]
 [-6.35307510e+00 -1.52920333e-01  7.36353490e+01  1.91973134e+01]
 [-8.16775281e+00 -1.08097725e-01  7.35190926e+01  2.19436473e+01]
 [-8.50751929e+00 -9.88051252e-02  6.99162452e+01  2.74852030e+01]
 [-7.93462870e+00 -1.40842628e-01  7.05840438e+01  2.78727825e+01]
 [-6.82451611e+00 -2.39258191e-01  8.15312101e+01  1.61745746e+01]
 [-5.01928948e+00 -3.69673070e-01  9.67595948e+01 -1.57612409e+00]
 [-4.40948638e+00 -3.54847532e-01  2.29146595e+01  1.00612622e+02]
 [-1.12643412e+01 -2.64763520e-01  7.69249173e+01 -7.62158112e+02]
 [ 7.73333192e+00  3.57620786e-02 -2.86594592e+01 -2.70983616e+02]
 [ 8.11204752e+00  3.79346484e-02 -2.99129681e+01 -2.77787940e+02]
 [ 7.41242286e+00  2.20484644e-02 -2.47831758e+01 -3.21235329e+02]
 [ 6.91213454e+00 -6.38027980e-04 -1.91803964e+01 -3.85653608e+02]
 [ 6.89134392e+00 -2.14734947e-02 -1.57346806e+01 -4.41959125e+02]
 [ 7.44033932e+00 -4.78882760e-02 -1.39265588e+01 -5.00607031e+02]
 [ 9.56570482e+00 -1.07360190e-01 -1.40557912e+01 -6.06013490e+02]
 [ 1.02524519e+01 -1.27991443e-01 -1.40314069e+01 -6.39875519e+02]
 [ 9.80992716e+00 -1.21176611e-01 -1.28805047e+01 -6.39026430e+02]
 [ 8.31609977e+00 -7.11156651e-02 -4.52130581e+00 -7.84418939e+02]
 [ 6.97545798e+00 -8.78744384e-02 -1.40485678e+01 -4.05540998e+02]
 [ 2.89858723e+00 -5.11869016e-02 -1.58799129e+01 -5.34199710e+01]
 [-5.98750794e-01  1.78598404e-02 -8.10994675e+00 -3.52497442e+01]
 [-8.16971721e-01  3.53181160e-02 -8.09906453e+00 -3.67498833e+01]
 [-7.31647373e-01  1.95763639e-02 -8.21403109e+00 -2.27473983e+01]
 [-2.25344703e+00  7.06634263e-03 -3.48081686e+00 -2.02937065e+00]
 [-3.52476082e+00  4.11754968e-04  7.96961365e-01  1.95447566e+00]
 [-3.80615609e+00 -1.45384205e-02  3.16035157e+00 -1.98868203e+01]
 [-4.70209355e+00 -1.34762212e-02  6.11060471e+00 -2.27576454e+01]
 [-5.21317136e+00 -6.72467360e-03  7.34520025e+00 -1.96858924e+01]
 [-5.54557009e+00 -5.27788615e-04  8.05848755e+00 -1.75189890e+01]
 [-5.75794933e+00  6.14543807e-03  8.38984033e+00 -1.61743125e+01]
 [-5.86749999e+00  1.30512665e-02  8.42070521e+00 -1.60826307e+01]
 [-5.55643496e+00  1.72894943e-02  7.24535473e+00 -1.69662868e+01]
 [-5.24347954e+00  3.17040889e-02  5.68426534e+00 -2.03389851e+01]
 [-4.79849654e+00  2.92373458e-02  4.30226098e+00 -1.86182754e+01]
 [-4.31203780e+00  1.72942240e-02  3.06750090e+00 -1.15618900e+01]
 [-4.16679542e+00  1.16741693e-02  2.68760647e+00 -5.53278682e+00]
 [-4.16765131e+00  7.14720289e-03  2.67542811e+00  2.93467084e+00]
 [-4.25165448e+00  2.81336299e-03  2.85627632e+00  1.41082742e+01]
 [-3.16834302e+00  1.44638119e-02 -2.89541758e-01 -2.62269981e+01]
 [-3.18629480e+00  1.45403567e-02 -2.38286642e-01 -2.59841281e+01]
 [-3.28323219e+00  1.37115033e-02  5.08510581e-02 -2.29878300e+01]
 [ 9.22328910e+01 -1.12758436e+00 -3.20849980e+02  1.11438373e+02]
 [ 7.23251291e+01 -7.55512755e-01 -2.52978082e+02  6.90509823e+01]
 [ 5.81733168e+01 -5.13511085e-01 -2.11400445e+02  5.78645723e+01]
 [ 4.51608814e+01 -2.90695829e-01 -1.76588553e+02  5.64520942e+01]
 [ 1.37941176e+01  1.89309437e-01 -8.69028096e+01  4.29718688e+01]
 [-2.99195815e+00  4.99819136e-01 -3.94918744e+01  3.30632756e+01]
 [ 1.88144081e-01  5.89755860e-01 -4.86864932e+01  2.38606934e+01]
 [ 5.92564770e+00  7.72961607e-01 -6.58024657e+01  7.91046668e+00]
 [ 1.12890147e+01  1.00898638e+00 -8.17482683e+01 -1.22893958e+01]
 [ 1.04935876e+01  7.63165471e-01 -7.39094822e+01 -1.30197890e+01]
 [ 1.10866896e+01  7.43854312e-01 -7.50994728e+01 -1.46190164e+01]
 [ 1.25248801e+01  9.09171548e-01 -8.40542598e+01 -1.14108636e+01]
 [ 1.31595256e+01  1.06151411e+00 -9.22862101e+01 -3.54173015e-01]
 [ 1.31318845e+01  1.15141171e+00 -9.73154956e+01  1.13788706e+01]
 [ 1.20460825e+01  1.19262483e+00 -9.94484808e+01  2.81257479e+01]
 [ 1.28129530e+01  1.24882724e+00 -1.18073608e+02  9.04595750e+01]
 [ 1.90579958e+01  1.37872779e+00 -1.83698762e+02  2.79812141e+02]
 [ 1.55264888e+01  1.28870107e+00 -1.60478049e+02  2.29766896e+02]
 [ 1.38431189e+01  1.05666084e+00 -1.40172793e+02  1.83680761e+02]
 [ 1.10528598e+01  6.26611102e-01 -1.02097397e+02  9.33616991e+01]
 [ 7.06473951e+00  5.97921652e-02 -6.04369144e+01  1.32588532e+01]
 [-6.17122564e-01 -3.12936299e-01 -2.83863796e+01 -3.38319587e+00]
 [-1.12612531e+01 -5.76561738e-01  2.22054212e+00  8.61221613e+00]
 [-1.89417798e+01 -6.90728089e-01  2.26025004e+01  1.71600899e+01]
 [-1.89404005e+01 -6.64396948e-01  2.52669604e+01  3.08773688e+00]
 [-1.87966320e+01 -4.03557768e-01  1.95400280e+01  5.89985221e-01]
 [-1.80013296e+01 -1.46315452e-01  1.47638559e+01 -1.36418717e+01]
 [-1.66203989e+01 -6.17155937e-04  9.44606139e+00 -2.13051480e+01]
 [-3.25784786e+01 -2.45538342e-01  5.58142945e+01 -2.06563205e+01]
 [-5.01911177e+01 -4.82766592e-01  1.06264759e+02 -2.04608636e+01]
 [-6.37949126e+01 -6.56923977e-01  1.44840888e+02 -1.97263688e+01]
 [-6.53129253e+01 -6.47043845e-01  1.46410298e+02 -1.12753228e+01]
 [-6.63164257e+01 -6.02208695e-01  1.42996169e+02  9.10682153e+00]
 [-6.65714626e+01 -5.31199579e-01  1.35610114e+02  3.55320732e+01]
 [ 1.53579448e+02  2.16684601e+00 -1.11922758e+03  4.30629381e+02]
 [ 1.64207589e+02  2.01727657e+00 -1.10814800e+03  3.98749520e+02]
 [ 1.21472166e+02  7.68022963e-01 -7.12108755e+02  2.27582630e+02]
 [ 4.12010030e+01 -3.92085837e-01 -3.13960272e+02  1.44269931e+02]
 [-7.27587469e+00 -8.84705686e-01 -1.20225716e+02  1.25205466e+02]
 [-2.72544151e+01 -1.16200679e+00 -3.66767083e+01  1.14967403e+02]
 [-3.33089424e+01 -1.46625602e+00  1.28854860e+01  9.57747423e+01]
 [-2.86330760e+01 -1.21210984e+00  3.48903844e+01  6.26513068e+01]
 [-1.73867741e+01 -2.37455397e-01  8.97371142e+00  3.97343044e+01]
 [-1.15004409e+01  4.90043053e-01 -1.23913875e+01  3.04228385e+01]
 [-1.48431483e+01  7.47827007e-01 -2.20929197e+01  4.26193115e+01]
 [-1.93070598e+01  1.01865465e+00 -5.22420233e+01  7.41640464e+01]
 [-2.13499265e+01  1.30595490e+00 -9.03294006e+01  1.05992310e+02]
 [-2.29156162e+01  1.45720295e+00 -1.16842180e+02  1.29503461e+02]
 [-2.33272416e+01  1.56264436e+00 -1.30899967e+02  1.40447058e+02]
 [-2.54163906e+01  1.60568312e+00 -1.20975935e+02  1.36229734e+02]
 [-2.50885757e+01  1.60335460e+00 -1.14792957e+02  1.30110380e+02]
 [-2.50223069e+01  1.24764769e+00 -1.19359010e+02  1.41562414e+02]
 [-1.94275078e+01  8.67458047e-01 -1.48118421e+02  1.60953854e+02]
 [-4.73042568e+00  6.34439870e-01 -1.94334657e+02  1.69444294e+02]
 [-3.48994602e-02  4.52813291e-01 -1.81262784e+02  1.49504001e+02]
 [-5.00876670e+00  1.68424704e-01 -1.16130390e+02  1.09595132e+02]
 [-5.44767568e+00  2.26856418e-02 -8.64498864e+01  8.63362957e+01]
 [-7.67712395e+00  1.40473884e-01 -7.60147872e+01  7.98506482e+01]
 [-1.21844740e+01  2.25715101e-01 -6.06240391e+01  7.56476715e+01]
 [-1.15603564e+01  6.38441404e-01 -4.47113963e+01  4.92504583e+01]
 [-1.09772479e+01  7.34663706e-01 -3.36205328e+01  3.44298290e+01]
 [-1.06989388e+01  7.39447740e-01 -2.49950022e+01  2.47337460e+01]
 [-1.15092538e+01  7.02178033e-01 -1.47311526e+01  1.74661809e+01]
 [-1.22746496e+01  5.73082219e-01 -3.11080051e+00  1.07552029e+01]
 [-1.34242121e+01  2.73043649e-01  1.58907782e+01  1.66794090e+00]
 [-1.41929446e+01  5.73701250e-02  3.01434130e+01 -5.89248717e+00]
 [-1.54155281e+01 -5.00196608e-02  4.23351621e+01 -1.25110561e+01]
 [-1.27862136e+01 -2.09980074e-02  3.00892173e+01 -9.26160482e+00]
 [ 5.39889699e+01  1.02394701e+00 -1.54968754e+02  9.57255377e+01]
 [ 5.41120580e+01  1.06797605e+00 -1.60229190e+02  9.79786048e+01]
 [ 1.68478590e+01 -1.10742401e-01  2.79337263e+00  1.04906182e+02]
 [ 3.32636159e+00 -4.72601773e-01  5.62391116e+01  1.09778903e+02]
 [-3.76183282e-01 -5.13334937e-01  6.67595186e+01  1.12572140e+02]
 [-1.27098124e+00 -4.92072879e-01  6.32830542e+01  1.16663711e+02]
 [-2.19445648e+00 -5.31842132e-01  5.95186880e+01  1.22554483e+02]
 [-2.50548875e+00 -8.65849947e-01  5.87798368e+01  1.32452441e+02]
 [-6.08919110e+00 -1.34329860e+00  5.89991723e+01  1.54775791e+02]
 [-1.87778225e+01 -1.19414854e+00  3.71163806e+01  2.02395134e+02]
 [-3.41708272e+01 -3.60230663e-01 -1.98079716e+01  2.67163514e+02]
 [-3.76781719e+01 -7.44847572e-02 -4.07406830e+01  2.85865694e+02]
 [-4.10918352e+01  5.65463712e-02 -3.43610405e+01  2.85775168e+02]
 [-4.60605606e+01 -6.22490967e-02  6.66564249e+00  2.67772449e+02]
 [-5.25768372e+01 -8.89530030e-01  1.73916510e+02  1.67416168e+02]
 [-5.38894467e+01 -1.84121085e+00  3.93171241e+02  1.14327462e+01]
 [-5.19383448e+01 -2.27708023e+00  5.09318507e+02 -8.14732369e+01]
 [-4.83191392e+01 -1.93167828e+00  5.15762279e+02 -1.08679661e+02]
 [-3.05559221e+01 -1.13050474e+00  3.51491965e+02 -4.17902982e+01]
 [-1.48244095e+01 -7.62966917e-01  2.45179570e+02 -6.42764097e+00]
 [ 2.98023863e+00 -5.30025521e-01  1.49593122e+02  1.72188736e+01]
 [ 1.95506450e+01 -9.34105902e-02  5.08041429e+01  4.02479377e+01]
 [ 2.62302168e+01  3.44816100e-01 -2.41261002e+00  5.23248989e+01]
 [ 2.60371063e+01  3.44495043e-01  1.24377478e+00  4.91589318e+01]
 [ 2.36602529e+01 -1.10499935e-01  3.64389918e+01  4.06771731e+01]
 [ 2.28669980e+01 -3.77594854e-01  4.94006280e+01  4.15397607e+01]
 [ 2.23467819e+01 -1.95095085e-01  4.20983647e+01  4.32902167e+01]
 [ 2.25181433e+01 -5.68398594e-02  4.09517929e+01  3.76621362e+01]
 [ 2.35678718e+01  1.16121634e-01  3.72273375e+01  2.96511717e+01]
 [ 2.47682748e+01  2.54305903e-01  3.26367494e+01  2.34540675e+01]
 [ 2.49979728e+01  2.87612421e-01  3.12634075e+01  2.24291965e+01]
 [ 2.32874402e+01  2.93966404e-01  3.59929692e+01  2.39928322e+01]
 [ 2.59624182e+01  2.75553510e-01  2.45820137e+01  2.58272968e+01]
 [ 2.82571870e+01  2.65456597e-01  1.33780265e+01  2.84952519e+01]
 [-5.85574347e+00  2.24044563e-03  9.82008858e-01  3.52111812e+02]
 [-5.90280740e+00  1.48994392e-03  1.15755388e+00  3.52828124e+02]
 [-3.08425376e+00 -1.59337730e-03  9.16497802e-01  2.14738293e+02]
 [-1.75468433e+01  1.24024102e-03  4.98768030e+00  8.96783604e+02]
 [-5.76221015e-02  8.32833852e-02 -1.14535559e+01  1.52567677e+02]
 [ 1.91364195e+00  1.09511937e-01 -1.49610240e+01  7.62597070e+01]
 [ 1.99213288e+00  1.24965780e-01 -1.61655904e+01  7.50698990e+01]
 [ 1.42376496e+00  1.44990634e-01 -1.67939765e+01  9.50897264e+01]
 [ 1.48335238e+00  1.73073684e-01 -1.52035717e+01  4.55266369e+01]
 [ 9.77665406e-01  2.37741010e-01 -1.01185417e+01 -5.56291036e+01]
 [-2.20783566e-01  3.32734782e-01 -1.36165757e+00 -1.99027942e+02]
 [ 3.38665149e-01  3.11592363e-01 -4.49702256e+00 -1.65417936e+02]
 [ 3.81807497e-01  3.04216155e-01 -3.62719706e+00 -1.73428786e+02]
 [ 7.93145651e-01  2.68876361e-01 -5.81654920e+00 -1.33301819e+02]
 [ 1.45442296e+00  1.19101301e-01 -5.69014828e+00 -3.99513154e+01]
 [ 1.48146600e+00  6.71783303e-02 -3.31243794e+00 -3.01810025e+01]
 [ 1.45063328e+00  5.83800666e-02 -4.11969406e+00 -9.30120704e+00]
 [ 1.36845294e+00  4.98916121e-02 -4.98207637e+00  1.48421923e+01]
 [ 1.33729888e+00  4.54590413e-02 -4.84572836e+00  1.84957877e+01]
 [ 1.32033566e+00  4.23655392e-02 -4.54856675e+00  1.78590561e+01]
 [ 1.25851146e+00  3.38798584e-02 -2.98858702e+00  5.96268874e+00]
 [ 1.09947974e+00  2.30906058e-02 -1.15332987e+00 -3.05171957e+00]
 [ 9.41911160e-01  1.76721336e-02 -1.67795830e-01 -4.59006151e+00]
 [ 5.63891895e-01  1.12209477e-02  1.70198356e+00 -7.18263289e+00]
 [-3.65215020e-01 -4.54542105e-04  6.01199050e+00 -1.32263289e+01]
 [ 5.36011912e-01  1.73846978e-02  1.28187786e+00 -5.22141964e+00]
 [ 9.37260819e-01  2.48842108e-02 -8.27093055e-01 -1.16666380e+00]
 [ 1.28814917e+00  3.09635415e-02 -2.74296807e+00  3.83159532e+00]
 [ 1.42022951e+00  3.34510830e-02 -3.48900916e+00  5.87945684e+00]
 [ 1.35068680e+00  3.91463869e-02 -3.83758537e+00  9.44055423e+00]
 [ 1.33872824e+00  4.23032491e-02 -4.10997334e+00  1.11920285e+01]
 [ 1.41726383e+00  4.16193079e-02 -4.31984489e+00  1.08599776e+01]
 [ 1.51704504e+00  3.98120612e-02 -4.51347438e+00  1.01879041e+01]
 [ 1.59104339e+00  3.80049549e-02 -4.64287545e+00  9.84095028e+00]
 [-8.04187726e+01  9.09460276e-01 -1.53960766e+03  1.27558148e+03]
 [-9.13319046e+01  7.53859017e-01 -1.26251895e+03  1.13242294e+03]
 [-8.22988553e+01  5.39946726e-01 -1.01765374e+03  9.66041337e+02]
 [-5.93639320e+01 -1.05647675e-01 -8.26442266e+02  8.08722468e+02]
 [-3.76702945e+01 -2.21783759e-01 -6.88692728e+02  6.77657619e+02]
 [-1.55117888e+01 -7.97136883e-02 -5.57097492e+02  5.44316327e+02]
 [ 1.04336418e+01  2.22587548e-01 -4.65033873e+02  4.23457591e+02]
 [ 3.47242665e+01  3.84064359e-01 -3.56414094e+02  2.97423274e+02]
 [ 1.57643361e+01 -4.59239012e-01 -8.05363647e+01  1.79805726e+02]
 [-1.94834134e+01 -1.05949045e+00  9.78788537e+01  1.54094027e+02]
 [-9.20325875e+00 -7.10513138e-01  1.86271985e+01  1.74568908e+02]
 [ 1.67897464e+00 -3.83178057e-01 -7.49353302e+01  2.04025391e+02]
 [ 1.01883079e+00 -1.31165705e-02 -1.69836826e+02  2.57599505e+02]
 [-7.84426973e+00  3.59166142e-01 -2.59915483e+02  3.25184983e+02]
 [-1.84425244e+01  7.33840931e-01 -3.25101652e+02  3.79939716e+02]
 [-2.38564367e+01  8.99691835e-01 -3.68625920e+02  4.15807684e+02]
 [-1.75760655e+01  6.29433843e-01 -4.12036979e+02  4.40518901e+02]
 [-1.75370040e+01  8.74638562e-01 -3.90609700e+02  4.18492193e+02]
 [-1.72971289e+01  1.34809165e+00 -3.78711169e+02  3.95733337e+02]
 [ 1.24442954e+01  7.47319809e-01 -5.58646986e+02  4.75674135e+02]
 [ 5.26316350e+01 -1.51639468e-01 -8.48602265e+02  6.18691523e+02]
 [ 4.56212444e+01 -4.34656753e-01 -5.28204481e+02  4.19380233e+02]
 [ 2.38002967e+01 -2.89700769e-01  1.93733443e+00  9.15402097e+01]
 [ 2.61341785e+01  5.69100532e-02  9.88019032e+01  6.95734836e+00]
 [ 2.89393275e+01  2.98388853e-01  9.88277852e+01 -7.14602283e+00]
 [ 2.60496243e+01  2.43403628e-01  7.94142681e+01  1.52363828e+01]
 [ 1.71318013e+01  2.83394334e-01  9.18426626e+01  2.61296644e+01]
 [ 1.26707278e+01 -3.21396914e-02  1.63610586e+02 -4.68082993e+00]
 [ 1.06090760e+01 -4.49141968e-01  2.05611104e+02 -1.68498664e+01]
 [ 1.80861612e+01 -9.29207633e-01  1.97786299e+02 -1.40789073e+01]
 [ 3.42178105e+01 -1.55260277e+00  1.56414144e+02 -3.59609104e+00]
 [ 3.62719332e+01 -2.05127778e+00  1.74232168e+02 -6.47170204e+00]
 [ 3.68613171e+01 -2.12144577e+00  1.84733982e+02 -1.39035632e+01]
 [ 6.41982480e+01 -2.64037118e+00  7.14427495e+01  1.90854364e+01]
 [ 1.52592995e+02  1.27145872e-01  1.54721534e+02 -6.04000717e+02]
 [ 1.68946699e+02 -1.78011992e-02  2.16707554e+02 -6.92403365e+02]
 [ 1.71067169e+02 -2.18710602e-01  2.06367212e+02 -6.90376141e+02]
 [ 8.25534520e+01  1.89251043e+00 -7.54578961e+01 -2.64398993e+02]
 [ 2.09644179e+01  3.97271089e+00 -2.24762037e+02 -3.97805744e+00]
 [-4.06754238e+00  5.19917943e+00 -2.67123965e+02  8.57789923e+01]
 [ 2.20872447e+01  2.08084033e+00 -4.01121463e+02  1.27631602e+02]
 [ 4.01501932e+01  4.68240951e-01 -5.35673370e+02  1.75271956e+02]
 [ 5.76882625e+01 -1.75105003e-01 -7.05484859e+02  2.33862508e+02]
 [ 9.01871729e+01  1.73739905e-02 -9.90738189e+02  3.05130234e+02]
 [ 1.58480700e+02  2.71884195e+00 -1.60863361e+03  4.35204287e+02]
 [ 1.74134506e+02  4.92725431e+00 -1.86382655e+03  5.21164953e+02]
 [ 7.93562462e+01  4.45147658e+00 -1.32290985e+03  5.06069699e+02]
 [ 1.95277360e+01  2.43763438e+00 -9.86658655e+02  5.35670668e+02]
 [-4.09625255e+01 -1.26532584e+00 -7.62632107e+02  6.95337056e+02]
 [-1.16341905e+02 -2.84496777e-01 -1.02491530e+03  1.21042000e+03]
 [-1.06341463e+02  5.52990988e-01 -1.06907413e+03  1.18394867e+03]
 [-7.38093486e+01  2.33989765e+00 -8.60077260e+02  8.25461026e+02]
 [-3.67209403e+01  3.17394019e+00 -5.15054122e+02  3.53864352e+02]
 [-9.37423856e+00  1.08561885e+00 -2.07193210e+02  2.47021299e+01]
 [-1.07612675e+01  4.76088208e-01 -2.62546280e+02  9.37315367e+01]
 [-9.86512409e+00  2.25235420e-01 -2.87592213e+02  1.18845550e+02]
 [-9.91555722e+00  3.42480687e-01 -3.16073907e+02  1.41743673e+02]
 [-9.87646367e+00  1.07053264e+00 -3.36904817e+02  1.42413261e+02]
 [-1.22213751e+01  2.74655454e+00 -3.44135194e+02  1.15988544e+02]
 [-9.48510330e+00  4.75700968e+00 -3.51578383e+02  6.29613195e+01]
 [-1.24186139e+01  6.19107801e+00 -3.26454482e+02  1.32763881e+01]
 [-6.45591361e+01  4.74695238e+00 -1.07183808e+02  2.75949420e+01]
 [-1.28048556e+02  3.30694852e+00  1.81803618e+02  1.68672588e+01]
 [-1.38685892e+02  2.70787309e+00  2.58452271e+02 -4.59096498e+00]
 [-1.46165817e+02  1.58976034e+00  3.00400226e+02  8.58804796e+00]
 [-1.39365984e+02  1.39914920e+00  2.84575084e+02  2.35356720e+00]
 [-1.04949763e+02  1.31807055e+00  2.10243411e+02 -5.45725329e+01]
 [-7.58081528e+01 -3.43834574e-01  9.93947198e+01 -1.97348624e+01]
 [-7.66993280e-01  4.37709764e-01 -2.97813922e+00  3.07778049e+00]
 [-3.68869416e-01  4.03141198e-01 -1.05727764e+00  3.83898362e-01]
 [ 2.72396015e-01  2.97202902e-01  5.32481063e+00 -3.77067900e+00]
 [ 3.60375190e-01  1.89597386e-01  1.24117954e+01 -4.22698752e+00]
 [ 5.65244866e-01  1.14249967e-01  1.67117459e+01 -4.27279741e+00]
 [ 8.61119624e-01  6.63323654e-02  1.88044781e+01 -4.24664873e+00]
 [ 9.10902937e-01  3.41710365e-02  2.01937145e+01 -2.69641473e+00]
 [ 9.97168677e-01  3.39648615e-03  2.11214190e+01 -4.46217459e-01]
 [ 1.68873758e+00 -5.28744680e-04  1.99513724e+01 -3.48228013e+00]
 [ 2.38263952e-01  3.50288338e-02  2.33797729e+01 -5.97435906e+00]
 [-3.39069847e+00  7.69974218e-02  3.43305915e+01 -1.05598001e+01]
 [-9.23977273e+00  9.06306426e-02  4.81412130e+01  4.93157152e+00]
 [-9.66212418e+00  9.87405761e-02  4.92318233e+01  4.19138866e+00]
 [-6.93974041e+00  1.63046311e-01  3.61236343e+01  5.41029432e+00]
 [-2.87644330e+00  2.72098870e-01  1.63442759e+01  5.63845321e+00]
 [-2.92343574e+00  1.69455013e-01  2.22164180e+01  5.00652096e+00]
 [-1.45648163e+00  7.79654988e-02  2.20702886e+01  5.45433014e+00]
 [-1.06902409e+00  8.28725155e-02  2.12243133e+01  2.62331783e+00]
 [-5.05671169e-01  1.47307092e-01  1.71085534e+01 -2.26206403e+00]
 [ 2.51539476e-01  1.88264924e-01  1.34984827e+01 -6.69778720e+00]
 [ 1.87179943e-01  2.18899646e-01  1.28757851e+01 -9.88058237e+00]
 [-1.60486610e+00  1.64351386e-01  2.16096210e+01 -8.80684446e+00]
 [-2.07757834e+00  1.51141147e-01  2.38257140e+01 -8.37528532e+00]
 [-1.95320220e+00  1.61973451e-01  2.29523046e+01 -8.84773334e+00]
 [-2.67115569e+00  2.14056256e-01  2.20331294e+01 -7.61056773e+00]
 [ 1.41846690e-01 -9.15926755e-03  2.47032195e+01 -4.56396923e+00]
 [ 1.63876675e+00 -1.11209507e-01  2.28490586e+01  7.19217224e+00]
 [ 3.04281031e+00 -7.76023698e-02  1.31696109e+01  2.18941099e+01]
 [ 4.90455527e+00 -5.28764245e-02  4.10856435e+00  2.99398958e+01]
 [ 6.16961754e+00 -4.24160506e-02 -1.27941472e+00  3.36128403e+01]
 [ 6.98578423e+00 -3.46749355e-02 -4.68036144e+00  3.53032506e+01]
 [ 7.03100134e+00 -4.84297475e-02 -3.29336929e+00  3.15585070e+01]
 [ 6.41753916e+00 -7.47517311e-02  1.70561774e+00  2.37586286e+01]
 [ 4.96755521e+00 -1.16885839e-01  1.14763538e+01  9.76221721e+00]
 [ 1.75960096e+02 -7.42747236e-02 -4.60577933e+02  4.83610499e+01]
 [ 1.94268784e+02 -4.31825238e-02 -5.06653893e+02  4.62654238e+01]
 [ 1.66780676e+02 -6.35462941e-02 -4.37961589e+02  4.83057018e+01]
 [ 1.48941352e+02 -6.65048886e-02 -3.93265157e+02  4.89300732e+01]
 [ 1.43110686e+02 -5.09270725e-02 -3.79225686e+02  4.87682202e+01]
 [ 1.43190487e+02 -3.14875075e-02 -3.80524312e+02  4.88128270e+01]
 [ 1.30448493e+02  6.83447538e-03 -3.49888807e+02  4.84622099e+01]
 [ 1.13804560e+02  4.40739573e-02 -3.20236821e+02  6.08607941e+01]
 [-2.66592106e+01  2.17268087e-01 -1.90840798e+02  3.20338459e+02]
 [-7.07954693e+01  4.03865518e-01 -9.69397048e+01  3.31206169e+02]
 [-6.78513677e+01  3.98227305e-01 -9.06766510e+01  3.14736036e+02]
 [-6.15561409e+01  3.88824823e-01 -9.21216330e+01  2.97790206e+02]
 [-5.38534184e+01  5.99936055e-02 -8.98871418e+01  2.84712781e+02]
 [-6.06740789e+01 -3.18283732e-01 -7.13902282e+01  2.97765960e+02]
 [-7.26372211e+01 -5.00385430e-01 -5.79367592e+01  3.25279455e+02]
 [-7.91400516e+01 -5.65112141e-01 -5.06887997e+01  3.39044636e+02]
 [-8.25942547e+01 -5.17374401e-01 -4.31244167e+01  3.38279287e+02]
 [-8.66169149e+01 -4.78638285e-01 -3.50834966e+01  3.39222915e+02]
 [-9.23557607e+01 -4.32910602e-01 -2.05595194e+01  3.37003055e+02]
 [-9.55978068e+01 -4.07621600e-01 -1.64556679e+00  3.21734211e+02]
 [-9.90087140e+01 -3.78375612e-01  7.63957013e+00  3.19643563e+02]
 [-9.58798761e+01 -3.89955463e-01  1.03475600e+01  3.06129791e+02]
 [-7.32318639e+01 -4.86993036e-01  1.17015457e+01  2.32435128e+02]
 [-2.90931689e+01 -7.21243102e-02 -5.59788089e+00  8.98576896e+01]
 [-9.01329405e+00  3.69967631e-01 -2.30167304e+01  2.67404099e+01]
 [-1.04128646e+01  3.36796014e-01 -1.58064890e+01  2.23352045e+01]
 [-6.12350854e+00  1.95248362e-01 -2.42207322e+01  2.49111316e+01]
 [-7.25161138e+00  1.18231582e-01 -1.87737446e+01  2.41375705e+01]
 [-9.14755955e+00  4.11514733e-02 -1.08470192e+01  2.23539702e+01]
 [-6.75655678e+00 -1.15618629e-02 -1.32986266e+01  1.92841814e+01]
 [-1.68826958e+00 -6.61898834e-02 -2.08455486e+01  1.39551103e+01]
 [-2.60028822e+00 -9.10098608e-02 -1.64668773e+01  1.15258027e+01]
 [-5.21495398e+00 -1.01111808e-01 -9.00635212e+00  1.01286094e+01]
 [-8.94678488e+00 -1.01755965e-01 -2.33774869e+00  1.41288265e+01]
 [-1.44906896e+00  2.88327846e-02  1.75431387e+01  1.26123679e+01]
 [-1.37508075e+00  3.81203802e-02  1.51525775e+01  4.63537606e+01]
 [-2.80425752e+00  3.84325288e-02  7.67560606e-01  4.41457559e+02]
 [-3.72249856e+00  4.11736038e-02 -8.34422290e+00  6.90707781e+02]
 [-4.01541905e+00  4.53520171e-02 -1.21931326e+01  7.86305075e+02]
 [-4.08638213e+00  5.11524527e-02 -1.49558531e+01  8.42137697e+02]
 [-3.72399859e+00  5.70661015e-02 -1.55871462e+01  8.22800257e+02]
 [-2.28738902e+00  7.18948902e-02 -1.56421625e+01  7.04262504e+02]
 [ 2.34004707e-01  1.00505254e-01 -1.96887304e+01  5.74805971e+02]
 [ 1.74684054e+00  1.13675914e-01 -2.26006578e+01  5.11226066e+02]
 [ 2.31194325e+00  1.23869362e-01 -2.05911897e+01  4.16815622e+02]
 [ 2.20239597e+00  1.49942593e-01 -1.17388033e+01  2.10418570e+02]
 [ 5.95605820e+00  5.79445813e-01  1.07486785e+01 -9.95819685e+02]
 [ 5.76111640e+00  2.42531776e-01 -1.42342751e+01 -1.03872808e+02]
 [ 6.24098015e+00  9.54208473e-02 -1.63814920e+01  5.25153590e+01]
 [ 6.90302135e+00  1.09740539e-01 -1.36421621e+01 -7.28842588e+01]
 [ 5.31553431e+00  1.06350701e-01 -2.31061010e+01  2.60003824e+02]
 [ 5.59551762e+00  1.12544801e-01 -2.03348639e+01  1.72187177e+02]
 [ 5.67717414e+00  1.20772426e-01 -1.81118589e+01  1.09025468e+02]
 [ 5.69210812e+00  1.30098109e-01 -1.74258889e+01  8.31001487e+01]
 [ 5.33609141e+00  1.28312278e-01 -1.55999363e+01  7.11666678e+01]
 [ 4.25601719e+00  1.11467720e-01 -1.06600963e+01  5.96884380e+01]
 [ 2.87683993e+00  1.00664126e-01 -4.97112450e+00  4.60735246e+01]
 [-1.79243987e-01  7.58130823e-02  7.75099807e+00  1.45930281e+01]
 [-1.68817226e+00  7.27828881e-02  1.33505037e+01  2.70782495e+00]
 [-8.10255447e-01  5.82697215e-02  1.10729830e+01  6.85463668e+00]
 [-3.55830105e-01  4.43391249e-02  1.01038139e+01  1.06517978e+01]
 [-4.49420918e+00  3.11889658e-02  2.45050680e+01 -2.74653256e+00]
 [-5.33653958e+00  1.83102781e-02  2.78678611e+01 -4.64073577e+00]
 [-5.58691375e+00  4.65898395e-03  2.93550282e+01 -5.73713690e+00]
 [-5.67160408e+00 -5.53549230e-03  3.02148637e+01 -7.74806952e+00]
 [-5.74845811e+00 -6.67868186e-03  3.05447790e+01 -8.18214853e+00]
 [-6.11437515e+00 -1.34155386e-03  3.13186543e+01 -4.72067024e+00]
 [-6.34520568e+00 -1.97900677e-04  3.19184248e+01 -2.48446651e+00]
 [ 9.47622927e-01 -2.86072191e-04  4.76864212e-01 -1.21206281e+02]
 [ 1.02212857e+00  1.59359066e-03 -8.07876296e-01  4.74587853e+01]
 [ 1.24084998e+00  5.44677744e-03 -2.88351629e+00  2.10820762e+02]
 [ 1.54735777e+00  9.40283845e-03 -4.45421720e+00  1.79558219e+02]
 [ 1.94937638e+00  1.22427528e-02 -4.82959105e+00 -1.83567009e+02]
 [ 2.37951051e+00  1.36796041e-02 -4.26261786e+00 -7.53777072e+02]
 [ 3.64466114e+00  9.32484787e-03  1.66693423e+00 -3.21646060e+03]
 [ 5.01469993e+00  3.05997261e-03  6.60149561e+00 -5.53837562e+03]
 [ 4.96041072e+00  5.64033508e-05  5.40912933e+00 -5.17903162e+03]
 [ 5.18858170e+00 -1.09304581e-02  4.49349236e+00 -5.03055017e+03]
 [ 6.48962882e+00 -3.18099613e-01 -5.76415928e+01  1.20788899e+04]
 [ 6.55258374e+00 -4.65922386e-01 -8.27139878e+01  1.97558432e+04]
 [ 6.05774019e+00 -5.08127760e-01 -8.64623691e+01  2.16580132e+04]
 [ 5.00042592e+00 -4.83291369e-01 -8.14694795e+01  2.11977646e+04]
 [ 3.85709421e+00 -4.43466296e-01 -7.53329043e+01  2.03622852e+04]
 [ 2.74816436e+00 -3.80943495e-01 -7.41793405e+01  2.03399235e+04]
 [ 1.33142897e+00 -2.67643878e-01 -7.72883762e+01  2.09277172e+04]
 [-6.02934582e-01 -9.57390589e-02 -7.68242602e+01  2.04332525e+04]
 [-2.64393694e+00  7.63391059e-02 -3.81232228e+01  1.12890686e+04]
 [-2.56530930e+00  1.26673351e-01 -2.44446534e+01  7.45296311e+03]
 [-8.82129361e-01  1.71707398e-01 -1.18112951e+00  8.54638266e+00]
 [-1.95133914e-01  1.32329581e-01 -1.41361347e+00 -6.57154569e+01]
 [ 4.71025692e-02  6.92246696e-02  1.36815756e+00 -1.37865775e+02]
 [-2.56863689e-01  5.53891547e-03  6.18839805e+00 -1.87126782e+02]
 [-4.76569874e-01  4.03623817e-02  5.09935115e+00 -1.75672246e+02]
 [-8.49425922e-01  7.03752660e-02  4.91028502e+00 -1.78714230e+02]
 [-1.42664168e+00  7.95984730e-02  6.68071724e+00 -1.97071319e+02]
 [-3.08140794e+00  4.45090758e-02  1.50698961e+01 -2.63020522e+02]
 [-5.07848100e+00  5.59460054e-02  2.20518793e+01 -3.09343634e+02]
 [-7.15221507e+00  1.23629419e-01  2.60443107e+01 -3.19635050e+02]
 [-8.09999065e+00  1.38448232e-01  2.86576262e+01 -3.21954726e+02]
 [-8.35400601e+00  1.44986898e-01  2.94006908e+01 -3.42909604e+02]
 [-8.89562320e+00  1.52262374e-01  3.16075771e+01 -4.18572331e+02]
 [-9.28218165e+00  1.67755211e-01  3.23988178e+01 -4.43922234e+02]
 [ 1.50694864e+01  1.07611952e+00 -4.32297143e+02  2.93866378e+02]
 [ 1.33940928e+01  8.89142508e-01 -4.24334445e+02  2.96621684e+02]
 [ 2.77929937e+01  1.83897912e+00 -4.26299330e+02  2.35887601e+02]
 [ 3.42521829e+01  2.25003747e+00 -4.27790442e+02  2.09294993e+02]
 [ 3.27569856e+01  2.31731360e+00 -3.92207776e+02  1.84005106e+02]
 [ 2.31197654e+01  2.41930945e+00 -3.14007511e+02  1.47277763e+02]
 [ 3.22748309e+00  2.21115391e+00 -1.97473879e+02  1.15913169e+02]
 [-3.64416225e+01  6.54382541e-01  2.58503033e+01  8.56370553e+01]
 [-4.56197132e+01  1.06625988e-01  9.39963703e+01  6.82939706e+01]
 [-3.01906285e+01  1.87736434e-01  4.31071618e+01  6.11898435e+01]
 [-1.23192997e+01  1.43834756e-01 -3.68616128e+00  4.58419725e+01]
 [ 2.83897774e-01  6.49363554e-02 -3.04812815e+01  3.06087194e+01]
 [ 4.81016927e-01  1.19942597e-01 -3.81966663e+01  3.56304426e+01]
 [-3.04340432e+00  1.54577513e-01 -4.22616826e+01  5.07063619e+01]
 [-5.10259232e+00  1.28932572e-01 -5.16750365e+01  6.80840917e+01]
 [ 7.15309276e-01  3.23504796e-02 -7.47022198e+01  7.39434186e+01]
 [ 7.74171633e+00 -1.24492850e-01 -1.07186385e+02  8.72284832e+01]
 [ 6.56535407e+00 -1.47582505e-01 -1.08061697e+02  9.30622185e+01]
 [ 7.70562061e-01 -3.57032050e-02 -7.55718135e+01  7.63565003e+01]
 [-3.02583259e+00 -2.25220686e-02 -4.92861933e+01  6.18324269e+01]
 [-4.77523764e+00 -2.29829960e-01 -2.20391193e+01  4.53278191e+01]
 [-5.17489088e+00 -2.46423205e-01 -1.32923949e+01  3.78603836e+01]
 [-4.62328634e+00 -2.45068762e-01 -1.07344817e+01  3.29296371e+01]
 [-3.68243846e+00 -1.94907327e-01 -1.13166830e+01  2.83880202e+01]
 [-2.93679506e+00 -9.06063198e-02 -1.02957067e+01  2.11083061e+01]
 [-2.27481578e+00 -8.25392096e-03 -8.96435504e+00  1.44988926e+01]
 [-1.79503368e+00  1.36149438e-02 -8.45055610e+00  1.13842885e+01]
 [-1.37815693e+00  6.55687203e-03 -7.08065970e+00  8.45176228e+00]
 [-9.87813732e-01 -6.22051495e-03 -6.30614037e+00  6.45200901e+00]
 [-7.49425413e-01 -1.11574922e-02 -7.04536148e+00  6.50029865e+00]
 [-5.57341061e-01 -1.71763890e-02 -6.95114781e+00  5.82060906e+00]
 [-4.64426149e-01 -1.87463841e-02 -7.18830636e+00  5.76570742e+00]
 [-3.55423030e-01 -2.06429608e-02 -7.34003390e+00  5.55694751e+00]
 [-2.93969254e-01 -2.04341409e-02 -7.77751755e+00  5.79641377e+00]
 [ 4.70596352e+00 -3.16482197e-03  3.72141384e+01 -1.29212177e+03]
 [ 4.81861020e+00  2.72748529e-02  2.95595753e+01 -1.14221339e+03]
 [ 4.87273262e+00  4.90774281e-02  2.51812925e+01 -1.06146482e+03]
 [ 1.73620152e+00  2.40955315e-04  1.53182242e+01 -4.42610764e+02]
 [ 8.03627752e-01 -4.49860302e-03  1.20241429e+01 -2.62609976e+02]
 [ 4.65097673e-01  5.09256629e-03  1.04013930e+01 -2.01600815e+02]
 [-1.27920483e-01  3.50095785e-02  4.86176283e+00 -4.10305373e+01]
 [-4.48924666e-01  5.27970837e-02  4.16463146e+00 -1.75322977e+01]
 [ 7.85745824e-01  1.65116238e-02  1.37046724e+00 -2.77398050e+00]
 [ 1.42952235e+00 -1.18056142e-03  2.30650804e-02  6.03227743e-01]
 [ 1.43603364e+00 -1.07244346e-03 -4.89093483e-03  6.67657834e-01]
 [ 1.49435615e+00 -3.55491544e-03 -7.50474257e-02  6.67403851e-01]
 [ 1.54554713e+00 -6.67603328e-03 -1.10893031e-01  1.10204010e+00]
 [ 1.52022851e+00 -5.52079726e-03 -8.15107656e-02  1.02040876e+00]
 [ 1.49189723e+00 -2.21477446e-03 -9.65391955e-02 -1.50102047e-01]
 [ 1.51031943e+00 -8.72719659e-04 -1.57310502e-01 -1.54258049e+00]
 [ 1.52576720e+00 -3.00051327e-04 -1.85571772e-01 -2.64659688e+00]
 [ 1.51906437e+00  2.99503797e-04 -2.15796531e-01 -2.18695185e+00]
 [ 1.60344689e+00  3.90422723e-03 -1.47902511e+00  1.62119976e+01]
 [ 1.58599677e+00  2.99313414e-03 -1.02385709e+00  8.18014371e+00]
 [ 1.53152185e+00  1.98890033e-03 -3.78076896e-01 -1.42941694e+00]
 [ 1.47293987e+00  1.47468635e-03  3.05883955e-01 -1.22106930e+01]
 [ 1.45956776e+00  1.27554864e-03  3.23890824e-01 -1.14241019e+01]
 [ 8.88794264e-01 -8.78767974e-04  5.27070962e+00 -8.05075243e+01]
 [-5.78075780e-02 -1.64462103e-02  8.00675968e+00 -5.53914150e+01]
 [-5.72393383e-01 -2.76357738e-02  6.21381028e+00  3.84143965e+01]
 [-1.07291910e+00 -1.15425160e-02  8.17591904e+00  1.46662089e+01]
 [-3.66321014e+00  3.54343772e-02  1.61587181e+01 -2.29689359e+01]
 [-5.90967664e+00  8.12953825e-02  2.23513661e+01 -4.32918669e+01]
 [-5.76922229e+00  8.70233958e-02  2.19842903e+01 -5.03570229e+01]
 [-5.55347458e+00  8.99368630e-02  2.14515270e+01 -5.62497078e+01]
 [-5.51527926e+00  9.12006139e-02  2.15392005e+01 -6.13052212e+01]
 [-5.77642874e+00  9.22440343e-02  2.26128769e+01 -6.61847081e+01]
 [-5.93256259e+00  9.07924961e-02  2.34756354e+01 -7.13556417e+01]
 [ 2.50271565e+00  8.12735141e-04  2.11765251e-02  2.55078618e-01]
 [ 2.02954005e+00 -5.65523596e-02  4.13280327e+00 -5.76451691e+00]
 [ 1.73175683e+00 -1.18511841e-01  7.94486277e+00 -1.23441751e+01]
 [ 1.67240513e+00 -1.43350597e-01  9.30366674e+00 -1.50976917e+01]
 [ 1.62792829e+00 -1.43679258e-01  9.44479411e+00 -1.50547372e+01]
 [ 1.55443245e+00 -1.35294079e-01  9.25275748e+00 -1.39990780e+01]
 [ 1.49585923e+00 -1.29280407e-01  9.14480479e+00 -1.34331967e+01]
 [ 2.22677731e+00 -8.99070655e-02  2.40750472e+01 -3.02328223e+02]
 [ 2.39182973e+00 -2.75209154e-02  4.62027782e+01 -6.92684310e+02]
 [ 8.83720883e-01  4.93275759e-03  5.73435466e+01 -8.20520684e+02]
 [-1.56442272e+00 -1.27317136e-02  5.12725340e+01 -6.08258240e+02]
 [ 3.47810809e-01  8.07421536e-04  4.76989592e+01 -6.43361120e+02]
 [ 1.58412634e+00  3.30619545e-02  4.05523388e+01 -6.03398005e+02]
 [ 1.55331631e+00  4.58327331e-02  3.16198096e+01 -4.68591806e+02]
 [-1.93966758e+00 -6.27848548e-04  2.03460035e+01 -1.11889794e+02]
 [-2.07102056e+00  3.61644240e-03  1.72776718e+01 -5.99555287e+01]
 [-1.70424744e+00  9.39856281e-03  1.40387335e+01 -2.76502988e+01]
 [-9.69707838e-01  2.00074736e-02  9.24919690e+00  1.07931090e+01]
 [ 2.90103220e-01  1.48911226e-02  6.08432028e+00  1.05305066e+01]
 [ 1.10629578e+00 -2.11539167e-03  5.92865800e+00 -1.12136791e+01]
 [ 9.90670947e-01 -1.54255117e-02  7.86572011e+00 -2.87873832e+01]
 [-6.81095132e-01 -9.84095648e-03  1.16297290e+01 -2.07999317e+01]
 [-2.49047944e+00  6.05933752e-03  1.45276966e+01  3.70162344e-01]
 [-2.34252300e+00  1.02711954e-03  1.44533470e+01 -1.52328488e+00]
 [-1.05665468e+00 -1.94469962e-02  1.19751164e+01 -3.28303567e+00]
 [ 7.33625989e-01 -1.00119747e-01  1.06767681e+01 -6.98188659e+00]
 [ 9.31020933e-01 -1.65197281e-01  1.27680406e+01 -8.36939367e+00]
 [ 4.63811867e-01 -1.98526244e-01  1.52065846e+01 -7.72006602e+00]
 [-1.36445220e+00 -1.88498333e-01  1.95821901e+01 -7.72228367e+00]
 [-1.10117959e+00 -1.95744942e-01  1.91303880e+01 -7.27423507e+00]
 [-1.28454388e+00 -1.94209047e-01  1.95896523e+01 -7.71531591e+00]
 [-1.44885565e+00 -1.92940807e-01  2.00344392e+01 -8.40923300e+00]
 [-2.46087940e+00 -1.79408800e-01  2.22320659e+01 -9.36060894e+00]
 [-3.74342428e+00 -1.63153004e-01  2.51229792e+01 -1.13184100e+01]]