Coefficients evaluated at each u in N by 3T dimension:
[[ 4.21327466e+01]
 [ 4.36026877e+01]
 [ 4.44403371e+01]
 [ 4.47396352e+01]
 [ 3.94400456e+01]
 [ 3.79755657e+01]
 [ 3.71951311e+01]
 [ 3.62763275e+01]
 [ 3.54677910e+01]
 [ 3.41869364e+01]
 [ 3.47183812e+01]
 [ 3.50919245e+01]
 [ 3.31405360e+01]
 [ 3.38840460e+01]
 [ 3.45096763e+01]
 [ 3.21497836e+01]
 [ 3.03612844e+01]
 [ 2.89767996e+01]
 [ 2.79948494e+01]
 [ 2.70322822e+01]
 [ 2.65932482e+01]
 [ 2.60259684e+01]
 [ 2.59359685e+01]
 [ 2.48923400e+01]
 [ 2.50094153e+01]
 [ 2.51830950e+01]
 [ 2.43169139e+01]
 [ 2.54767847e+01]
 [ 2.57237082e+01]
 [ 2.62259181e+01]
 [ 2.62885123e+01]
 [ 2.27123119e+01]
 [ 2.59698596e+01]
 [ 2.52858050e+01]
 [-2.20435669e+00]
 [-2.29967506e+00]
 [-2.47682075e+00]
 [-2.39157910e+00]
 [-2.42149875e+00]
 [-2.60495418e+00]
 [-2.67805486e+00]
 [-3.09496684e+00]
 [-3.14879359e+00]
 [-3.20060794e+00]
 [-3.09160815e+00]
 [-3.17224316e+00]
 [-3.21438072e+00]
 [-3.21751394e+00]
 [-3.24081981e+00]
 [-3.25541146e+00]
 [-3.24962441e+00]
 [-3.24796229e+00]
 [-3.22677644e+00]
 [-3.22729344e+00]
 [-3.24431340e+00]
 [-3.23879552e+00]
 [-3.30426436e+00]
 [-3.22672665e+00]
 [-3.16590445e+00]
 [-3.22513706e+00]
 [-3.18245985e+00]
 [-3.22503763e+00]
 [-3.21118076e+00]
 [-3.23990975e+00]
 [-3.26264831e+00]
 [-3.25298980e+00]
 [-3.28225341e+00]
 [-3.30001410e+00]
 [-5.53346244e+00]
 [-5.68276897e+00]
 [-6.55440642e+00]
 [-6.27052481e+00]
 [-7.03326207e+00]
 [-7.98034508e+00]
 [-9.01211175e+00]
 [-9.15473262e+00]
 [-9.49208483e+00]
 [-9.64556210e+00]
 [-1.07115888e+01]
 [-9.84790058e+00]
 [-1.19338428e+01]
 [-1.15715305e+01]
 [-1.13111798e+01]
 [-1.16889254e+01]
 [-1.28181643e+01]
 [-1.33865838e+01]
 [-1.41471562e+01]
 [-1.40178007e+01]
 [-1.47962901e+01]
 [-1.42164803e+01]
 [-1.44705432e+01]
 [-1.45537705e+01]
 [-1.48311215e+01]
 [-1.47352581e+01]
 [-1.47951906e+01]
 [-1.48629380e+01]
 [-1.50300624e+01]
 [-1.50478250e+01]
 [-1.51616787e+01]
 [-1.44211194e+01]
 [-1.46941096e+01]
 [-1.55699980e+01]
 [ 1.01769686e+01]
 [ 7.80804428e+00]
 [ 4.14830634e+00]
 [ 2.54746714e+00]
 [ 1.52829453e+00]
 [ 9.63001610e-01]
 [ 4.18187290e-01]
 [-4.28513782e-01]
 [-7.51714793e-01]
 [-6.73637501e-01]
 [-1.32887809e-01]
 [ 2.94275857e-01]
 [-7.47390788e-02]
 [ 6.07889858e-01]
 [ 2.30626180e+00]
 [ 2.21266040e+00]
 [-9.42649054e-01]
 [ 7.05695589e-01]
 [-1.44991560e+00]
 [-1.08023683e+00]
 [-1.88286256e+00]
 [-2.41394462e+00]
 [-2.76028365e+00]
 [-3.04551631e+00]
 [-3.62927769e+00]
 [-4.59721889e+00]
 [-5.02716611e+00]
 [-5.16456556e+00]
 [-5.56509689e+00]
 [-5.51955651e+00]
 [-5.67944137e+00]
 [-5.96702491e+00]
 [-6.27911287e+00]
 [-6.36248811e+00]
 [ 5.90878803e+01]
 [ 6.09007569e+01]
 [ 6.25313948e+01]
 [ 5.92095613e+01]
 [ 5.66520916e+01]
 [ 5.42427726e+01]
 [ 5.36919529e+01]
 [ 5.40630243e+01]
 [ 5.80338146e+01]
 [ 5.99293464e+01]
 [ 5.61548217e+01]
 [ 5.47159343e+01]
 [ 5.43912262e+01]
 [ 5.53273214e+01]
 [ 5.31540803e+01]
 [ 5.08307662e+01]
 [ 5.23806528e+01]
 [ 4.64894004e+01]
 [ 4.74824651e+01]
 [ 4.92319816e+01]
 [ 4.70966609e+01]
 [ 4.52199504e+01]
 [ 4.45653283e+01]
 [ 4.45587284e+01]
 [ 4.38546206e+01]
 [ 4.27453119e+01]
 [ 4.21746162e+01]
 [ 4.19673938e+01]
 [ 4.12796069e+01]
 [ 4.20912040e+01]
 [ 4.13565935e+01]
 [ 4.25168759e+01]
 [ 4.28892996e+01]
 [ 4.29674449e+01]
 [ 1.34771426e+00]
 [ 1.33044420e+00]
 [ 1.33127347e+00]
 [ 1.32554038e+00]
 [ 1.39329278e+00]
 [ 1.31254583e+00]
 [ 1.30176629e+00]
 [ 1.28352536e+00]
 [ 1.25283181e+00]
 [ 1.14824338e+00]
 [ 1.14273343e+00]
 [ 1.04959433e+00]
 [ 1.04426626e+00]
 [ 1.14095911e+00]
 [ 1.14602253e+00]
 [ 1.13159748e+00]
 [ 1.13649460e+00]
 [ 1.11881399e+00]
 [ 1.08960463e+00]
 [ 1.09785499e+00]
 [ 1.14323921e+00]
 [ 1.13227022e+00]
 [ 1.13428753e+00]
 [ 1.13721157e+00]
 [ 1.14098230e+00]
 [ 1.14306733e+00]
 [ 1.14128015e+00]
 [ 1.13013258e+00]
 [ 1.13057786e+00]
 [ 1.12270291e+00]
 [ 1.12414727e+00]
 [ 1.19371537e+00]
 [ 1.14798792e+00]
 [ 1.07594523e+00]
 [ 8.53228407e+01]
 [ 8.83973844e+01]
 [ 7.49447226e+01]
 [ 7.33339981e+01]
 [ 7.48827565e+01]
 [ 7.33730645e+01]
 [ 7.23086639e+01]
 [ 7.08148910e+01]
 [ 6.83405914e+01]
 [ 7.29079161e+01]
 [ 6.86838998e+01]
 [ 6.84808907e+01]
 [ 6.77285489e+01]
 [ 6.87530861e+01]
 [ 7.18231816e+01]
 [ 7.06639490e+01]
 [ 7.07515141e+01]
 [ 6.71468395e+01]
 [ 6.36642065e+01]
 [ 6.29188777e+01]
 [ 6.00292165e+01]
 [ 6.09644941e+01]
 [ 6.15485256e+01]
 [ 6.15828274e+01]
 [ 5.99761601e+01]
 [ 5.98103193e+01]
 [ 5.93316877e+01]
 [ 6.04444592e+01]
 [ 6.04878001e+01]
 [ 6.02832176e+01]
 [ 6.09752853e+01]
 [ 5.76224446e+01]
 [ 5.70091619e+01]
 [ 6.28936593e+01]
 [ 2.78308696e+00]
 [ 1.74844776e+00]
 [ 1.19703105e+00]
 [ 1.17300102e+00]
 [-2.05959006e+00]
 [-3.97729252e+00]
 [-6.69235073e+00]
 [-8.67257069e+00]
 [-8.05572198e+00]
 [-1.05551436e+01]
 [-2.15651269e+01]
 [-2.15734596e+01]
 [-2.40713703e+01]
 [-2.85294391e+01]
 [-3.21059837e+01]
 [-3.37102016e+01]
 [-4.18952644e+01]
 [-4.07317704e+01]
 [-4.02003165e+01]
 [-4.06011184e+01]
 [-4.27441124e+01]
 [-4.44057860e+01]
 [-4.85710724e+01]
 [-4.85112998e+01]
 [-5.01650943e+01]
 [-5.16082086e+01]
 [-5.47070867e+01]
 [-5.57001263e+01]
 [-5.68715733e+01]
 [-5.64119472e+01]
 [-5.88748170e+01]
 [-5.82246376e+01]
 [-5.83220137e+01]
 [-5.74744226e+01]
 [ 6.07515382e+00]
 [ 6.10375554e+00]
 [ 6.15355028e+00]
 [ 6.63244530e+00]
 [ 7.14955244e+00]
 [ 7.07969005e+00]
 [ 7.12560421e+00]
 [ 7.26010698e+00]
 [ 7.42050898e+00]
 [ 7.52508727e+00]
 [ 7.45862876e+00]
 [ 7.07190898e+00]
 [ 7.07389669e+00]
 [ 7.03998549e+00]
 [ 7.17238792e+00]
 [ 6.96414324e+00]
 [ 6.85000588e+00]
 [ 6.79293981e+00]
 [ 6.60592359e+00]
 [ 6.74876842e+00]
 [ 6.93471733e+00]
 [ 7.18129495e+00]
 [ 7.32517890e+00]
 [ 7.41245561e+00]
 [ 7.42652209e+00]
 [ 7.27996489e+00]
 [ 7.36304742e+00]
 [ 7.46399413e+00]
 [ 7.46294665e+00]
 [ 7.42005220e+00]
 [ 7.39226444e+00]
 [ 7.03146881e+00]
 [ 6.78097037e+00]
 [ 6.78369322e+00]
 [ 1.32242836e+01]
 [ 1.34971777e+01]
 [ 1.08893722e+01]
 [ 9.40765859e+00]
 [ 8.07322998e+00]
 [ 7.93518580e+00]
 [ 7.45627439e+00]
 [ 6.00355234e+00]
 [ 5.84543010e+00]
 [ 4.95315474e+00]
 [ 3.26430105e+00]
 [ 3.25656159e+00]
 [ 3.24806115e+00]
 [ 2.28030548e+00]
 [ 1.30516754e+00]
 [-6.52929454e-02]
 [-1.51305007e+00]
 [ 4.41762352e-02]
 [-3.14473436e+00]
 [-3.51644016e+00]
 [-4.88179931e+00]
 [-5.79392201e+00]
 [-5.83213682e+00]
 [-5.47159031e+00]
 [-6.08985356e+00]
 [-6.39434412e+00]
 [-6.62357476e+00]
 [-6.67378750e+00]
 [-7.04038551e+00]
 [-7.48404044e+00]
 [-7.46735812e+00]
 [-7.62972357e+00]
 [-7.76067843e+00]
 [-7.67109267e+00]
 [ 3.29421017e+00]
 [ 3.32053424e+00]
 [ 3.44995928e+00]
 [ 3.84983103e+00]
 [ 4.15600660e+00]
 [ 3.83860224e+00]
 [ 4.16961959e+00]
 [ 4.23563165e+00]
 [ 3.95638057e+00]
 [ 3.84008716e+00]
 [ 3.73598811e+00]
 [ 3.67159653e+00]
 [ 3.46917523e+00]
 [ 3.61325209e+00]
 [ 3.65062871e+00]
 [ 3.50687370e+00]
 [ 3.50777376e+00]
 [ 3.41626526e+00]
 [ 3.40329878e+00]
 [ 3.48865286e+00]
 [ 3.65501330e+00]
 [ 3.58132051e+00]
 [ 3.65859729e+00]
 [ 3.79758671e+00]
 [ 3.86017597e+00]
 [ 3.82265708e+00]
 [ 3.82456545e+00]
 [ 3.79993585e+00]
 [ 3.55210577e+00]
 [ 3.62939628e+00]
 [ 3.58227451e+00]
 [ 3.62956905e+00]
 [ 3.48104041e+00]
 [ 2.85490158e+00]
 [ 9.23260742e-01]
 [ 9.22940406e-01]
 [ 9.20574980e-01]
 [ 9.13928013e-01]
 [ 9.50732087e-01]
 [ 9.29878905e-01]
 [ 9.11595310e-01]
 [ 8.86641552e-01]
 [ 8.30666200e-01]
 [ 7.77451581e-01]
 [ 6.66960580e-01]
 [ 8.49920967e-01]
 [ 9.72253833e-01]
 [ 8.31324130e-01]
 [ 8.39621339e-01]
 [ 1.18114587e+00]
 [ 1.14458865e+00]
 [ 1.12216243e+00]
 [ 1.14141826e+00]
 [ 1.32288892e+00]
 [ 1.29261098e+00]
 [ 1.22186680e+00]
 [ 1.17926430e+00]
 [ 1.18688347e+00]
 [ 1.29415165e+00]
 [ 1.26219174e+00]
 [ 1.09006260e+00]
 [ 1.15886513e+00]
 [ 1.01514558e+00]
 [ 1.31914902e+00]
 [ 1.03005139e+00]
 [ 1.07089824e+00]
 [ 1.31070804e+00]
 [ 1.62764545e+00]
 [ 1.32625709e+01]
 [ 1.16741695e+01]
 [ 9.41786231e+00]
 [ 6.43404436e+00]
 [ 7.04601159e+00]
 [ 4.11485645e+00]
 [ 2.50960498e+00]
 [ 3.61142924e+00]
 [ 9.74477262e-01]
 [ 8.88115520e-01]
 [ 1.92526161e+00]
 [ 1.12008146e+00]
 [ 9.64317498e-01]
 [ 1.00395887e+00]
 [ 3.02231168e-01]
 [ 6.36876831e-02]
 [-3.73752835e-01]
 [-3.29023285e-01]
 [-9.58220441e-01]
 [-8.16239772e-01]
 [-8.73631383e-01]
 [-9.94236473e-01]
 [-1.12799178e+00]
 [-1.09426504e+00]
 [-1.16096132e+00]
 [-1.15996859e+00]
 [-1.21029641e+00]
 [-1.20959065e+00]
 [-1.21263365e+00]
 [-1.19274923e+00]
 [-1.15798383e+00]
 [-1.21239641e+00]
 [-1.23094070e+00]
 [-1.24689761e+00]
 [ 1.39927764e+00]
 [ 1.14254244e+00]
 [ 1.28572125e+00]
 [ 1.35593045e+00]
 [ 1.36499156e+00]
 [ 1.42650112e+00]
 [ 1.40804148e+00]
 [ 1.38327292e+00]
 [ 1.40985339e+00]
 [ 1.42697895e+00]
 [ 1.42725149e+00]
 [ 1.42677774e+00]
 [ 1.42642389e+00]
 [ 1.42958190e+00]
 [ 1.42747389e+00]
 [ 1.42661243e+00]
 [ 1.42404400e+00]
 [ 1.42258492e+00]
 [ 1.42494361e+00]
 [ 1.42247448e+00]
 [ 1.42583899e+00]
 [ 1.42839978e+00]
 [ 1.42479018e+00]
 [ 1.40986042e+00]
 [ 1.43016898e+00]
 [ 1.47889925e+00]
 [ 1.50269569e+00]
 [ 1.49452060e+00]
 [ 1.42110192e+00]
 [ 1.65819779e+00]
 [ 1.45884052e+00]
 [ 1.65064473e+00]
 [ 1.35507695e+00]
 [ 1.27546558e+00]
 [ 2.52742582e+00]
 [ 2.54571039e+00]
 [ 2.50993070e+00]
 [ 2.46973476e+00]
 [ 2.54187964e+00]
 [ 2.59875474e+00]
 [ 2.59877874e+00]
 [ 2.65898404e+00]
 [ 2.73606666e+00]
 [ 2.76718671e+00]
 [ 2.75732759e+00]
 [ 2.77404995e+00]
 [ 2.82884540e+00]
 [ 2.85642148e+00]
 [ 2.91699176e+00]
 [ 2.89620627e+00]
 [ 2.99662804e+00]
 [ 3.05203278e+00]
 [ 3.01362527e+00]
 [ 3.02475076e+00]
 [ 3.01102995e+00]
 [ 2.98056457e+00]
 [ 3.08513315e+00]
 [ 3.10024712e+00]
 [ 3.09112856e+00]
 [ 3.21291753e+00]
 [ 3.24424630e+00]
 [ 3.16613843e+00]
 [ 3.08016829e+00]
 [ 3.12779118e+00]
 [ 3.13161216e+00]
 [ 2.19906053e+00]
 [ 2.38070444e+00]
 [ 3.18944881e+00]]