Coefficients evaluated at each u in N by 3T dimension:
[[ 3.68853453e+01]
 [ 3.31983208e+01]
 [ 3.22672384e+01]
 [ 3.25398427e+01]
 [ 4.17173723e+01]
 [ 4.08311081e+01]
 [ 4.24539160e+01]
 [ 4.29063584e+01]
 [ 4.15020300e+01]
 [ 4.26601817e+01]
 [ 3.92757847e+01]
 [ 3.18679643e+01]
 [ 3.69270071e+01]
 [ 4.33672540e+01]
 [ 3.80947949e+01]
 [ 3.43186423e+01]
 [ 3.34689670e+01]
 [ 3.29360028e+01]
 [ 2.90650363e+01]
 [ 2.74496403e+01]
 [ 2.75195898e+01]
 [ 2.50795589e+01]
 [ 2.36224416e+01]
 [ 2.25199213e+01]
 [ 2.17179370e+01]
 [ 2.28611090e+01]
 [ 2.75449748e+01]
 [ 2.79389593e+01]
 [ 2.60465075e+01]
 [ 2.57229668e+01]
 [ 2.47703065e+01]
 [ 2.69331223e+01]
 [ 2.24639410e+01]
 [ 2.55348821e+01]
 [-2.20080338e+00]
 [ 8.81552378e-02]
 [ 2.96820797e+00]
 [ 3.16085959e+00]
 [ 2.46971807e+00]
 [ 5.15949108e-01]
 [-2.75092981e-02]
 [ 2.52195792e-02]
 [-9.79503672e-01]
 [-2.19312357e-01]
 [-1.39381084e+00]
 [-1.92533245e+00]
 [-1.58884379e+00]
 [-1.83915212e+00]
 [-1.79890937e+00]
 [-2.73804937e+00]
 [-3.38495938e+00]
 [-3.54894933e+00]
 [-3.95290166e+00]
 [-3.90074706e+00]
 [-3.85881511e-01]
 [-7.37831838e-01]
 [-1.61638865e+00]
 [-2.11055034e+00]
 [-2.83829141e+00]
 [-3.53971671e+00]
 [-2.49423678e+00]
 [-1.64088796e+00]
 [-2.32392391e+00]
 [-2.06344752e+00]
 [-2.11406583e+00]
 [ 5.88451617e+00]
 [ 8.47731206e-01]
 [-2.30659465e+00]
 [ 5.34126699e+00]
 [ 3.25757775e+00]
 [-2.20096093e+00]
 [-3.58537967e+00]
 [-1.73054370e+00]
 [-5.03642684e+00]
 [-9.18279007e+00]
 [-8.67751436e+00]
 [-1.01469187e+01]
 [-1.01752969e+01]
 [-1.09790311e+01]
 [-8.84672625e+00]
 [-8.27800094e+00]
 [-7.65022668e+00]
 [-9.78768734e+00]
 [-1.11716623e+01]
 [-1.31244475e+01]
 [-1.45758341e+01]
 [-1.60365567e+01]
 [-1.61844787e+01]
 [-1.56953515e+01]
 [-1.38816068e+01]
 [-1.57240503e+01]
 [-1.58124584e+01]
 [-1.54417564e+01]
 [-1.62026601e+01]
 [-1.57889461e+01]
 [-1.60328829e+01]
 [-1.52852486e+01]
 [-1.59446112e+01]
 [-1.42089570e+01]
 [-1.42289279e+01]
 [-1.56055649e+01]
 [-1.70304371e+01]
 [ 2.35584472e+01]
 [ 2.07041457e+01]
 [ 1.98544954e+01]
 [ 2.13867422e+01]
 [ 2.30337262e+01]
 [ 2.01157990e+01]
 [ 1.68411547e+01]
 [ 1.57676175e+01]
 [ 1.53490281e+01]
 [ 1.56720375e+01]
 [ 1.72392585e+01]
 [ 1.78404780e+01]
 [ 1.69389038e+01]
 [ 1.76642142e+01]
 [ 1.92089992e+01]
 [ 1.85004538e+01]
 [ 1.46110637e+01]
 [ 1.61526713e+01]
 [ 1.35381129e+01]
 [ 1.49154312e+01]
 [ 1.21210237e+01]
 [ 1.07674340e+01]
 [ 1.00019839e+01]
 [ 1.29052250e+01]
 [ 1.05406785e+01]
 [ 8.32244740e+00]
 [ 6.73914811e+00]
 [ 5.66012992e+00]
 [ 6.36289091e+00]
 [ 6.02957047e+00]
 [ 8.33806978e+00]
 [ 6.37859934e+00]
 [ 3.54235881e+00]
 [ 2.79708514e+00]
 [ 2.35733278e+01]
 [ 3.03795927e+01]
 [ 3.46866497e+01]
 [ 3.32106324e+01]
 [ 2.64968984e+01]
 [ 2.38380588e+01]
 [ 2.20206963e+01]
 [ 2.48595748e+01]
 [ 2.35091467e+01]
 [ 2.48112439e+01]
 [ 2.27017214e+01]
 [ 2.31025011e+01]
 [ 2.33630647e+01]
 [ 2.40519551e+01]
 [ 2.26557458e+01]
 [ 2.06650945e+01]
 [ 2.12558323e+01]
 [ 2.03670882e+01]
 [ 1.91912351e+01]
 [ 2.13947103e+01]
 [ 2.12634065e+01]
 [ 1.83719571e+01]
 [ 1.74656514e+01]
 [ 1.90941144e+01]
 [ 1.82363976e+01]
 [ 1.65336374e+01]
 [ 1.58503813e+01]
 [ 1.62692118e+01]
 [ 1.67920571e+01]
 [ 1.78303531e+01]
 [ 1.52719585e+01]
 [ 2.23902589e+01]
 [ 2.27418213e+01]
 [ 2.08636102e+01]
 [ 2.54346047e+00]
 [ 2.70397416e+00]
 [ 3.27201910e+00]
 [ 3.99322632e+00]
 [ 5.96864373e+00]
 [ 5.20170319e+00]
 [ 5.44101938e+00]
 [ 5.56666108e+00]
 [ 5.47160149e+00]
 [ 4.68517196e+00]
 [ 5.77144466e+00]
 [ 5.84315885e+00]
 [ 6.34896366e+00]
 [ 7.18245032e+00]
 [ 7.70095377e+00]
 [ 7.40823348e+00]
 [ 7.32089129e+00]
 [ 6.98181471e+00]
 [ 7.76774546e+00]
 [ 8.54595000e+00]
 [ 1.10973809e+01]
 [ 1.13509292e+01]
 [ 1.15316162e+01]
 [ 1.23521242e+01]
 [ 1.28325826e+01]
 [ 1.27254912e+01]
 [ 1.22288671e+01]
 [ 1.18215792e+01]
 [ 1.17074729e+01]
 [ 1.06674884e+01]
 [ 9.72649483e+00]
 [ 1.35671123e+01]
 [ 1.15581442e+01]
 [ 1.02894049e+01]
 [ 8.31141867e+01]
 [ 7.68545338e+01]
 [ 7.80831545e+01]
 [ 7.72989701e+01]
 [ 7.59525096e+01]
 [ 7.22896092e+01]
 [ 7.15329033e+01]
 [ 7.11313335e+01]
 [ 6.72848182e+01]
 [ 7.50319117e+01]
 [ 6.92798938e+01]
 [ 6.77364096e+01]
 [ 6.75131856e+01]
 [ 6.85019281e+01]
 [ 7.11185378e+01]
 [ 7.02900255e+01]
 [ 7.15176709e+01]
 [ 6.78752508e+01]
 [ 6.44822923e+01]
 [ 6.41335696e+01]
 [ 5.90975306e+01]
 [ 6.12012706e+01]
 [ 6.20506426e+01]
 [ 6.17275158e+01]
 [ 6.01705472e+01]
 [ 6.16121702e+01]
 [ 6.16613669e+01]
 [ 5.90910051e+01]
 [ 5.81472121e+01]
 [ 5.90246304e+01]
 [ 5.73457654e+01]
 [ 6.04300586e+01]
 [ 6.12144006e+01]
 [ 6.01482049e+01]
 [ 2.78308696e+00]
 [ 1.74844776e+00]
 [ 1.19703105e+00]
 [ 1.17300102e+00]
 [-2.05959006e+00]
 [-3.97729252e+00]
 [-6.69235073e+00]
 [-8.67257069e+00]
 [-8.05572198e+00]
 [-1.05551436e+01]
 [-2.15651269e+01]
 [-2.15734596e+01]
 [-2.40713703e+01]
 [-2.85294391e+01]
 [-3.21059837e+01]
 [-3.37102016e+01]
 [-4.18952644e+01]
 [-4.07317704e+01]
 [-4.02003165e+01]
 [-4.06011184e+01]
 [-4.27441124e+01]
 [-4.44057860e+01]
 [-4.85710724e+01]
 [-4.85112998e+01]
 [-5.01650943e+01]
 [-5.16082086e+01]
 [-5.47070867e+01]
 [-5.57001263e+01]
 [-5.68715733e+01]
 [-5.64119472e+01]
 [-5.88748170e+01]
 [-5.82246376e+01]
 [-5.83220137e+01]
 [-5.74744226e+01]
 [ 1.47122718e+01]
 [ 1.42404073e+01]
 [ 1.41168424e+01]
 [ 1.72370744e+01]
 [ 1.78438227e+01]
 [ 1.62638123e+01]
 [ 1.54261696e+01]
 [ 1.44896248e+01]
 [ 1.34531404e+01]
 [ 1.29997292e+01]
 [ 1.16904595e+01]
 [ 9.75409849e+00]
 [ 1.14885563e+01]
 [ 1.11047682e+01]
 [ 1.20101919e+01]
 [ 1.10936908e+01]
 [ 1.11103070e+01]
 [ 1.02479834e+01]
 [ 9.21681426e+00]
 [ 1.14759655e+01]
 [ 1.38335984e+01]
 [ 1.20399672e+01]
 [ 1.03469776e+01]
 [ 1.17060881e+01]
 [ 1.17630273e+01]
 [ 1.16237665e+01]
 [ 1.13162090e+01]
 [ 1.02273965e+01]
 [ 9.53850194e+00]
 [ 8.83094914e+00]
 [ 8.56224901e+00]
 [ 1.42461497e+01]
 [ 1.22791799e+01]
 [ 1.11416793e+01]
 [ 1.78170553e+01]
 [ 1.25247209e+01]
 [ 1.35176375e+01]
 [ 7.22929569e+00]
 [ 2.25842607e+00]
 [ 7.37439626e+00]
 [ 6.49729287e+00]
 [ 6.85434990e+00]
 [ 5.41396503e+00]
 [ 4.81878663e+00]
 [ 3.91321788e+00]
 [ 3.34347538e+00]
 [ 2.84338292e+00]
 [ 1.91697791e+00]
 [ 1.37636076e+00]
 [ 2.88961040e-01]
 [-8.01595657e-01]
 [-1.52562853e+00]
 [-3.80207478e+00]
 [-3.44431315e+00]
 [-3.72112114e+00]
 [-4.39735258e+00]
 [-4.79068810e+00]
 [-7.69331559e+00]
 [-7.80957651e+00]
 [-4.26222684e+00]
 [-5.16222148e+00]
 [-5.05259221e+00]
 [-5.55465386e+00]
 [-5.73252648e+00]
 [-8.26504689e+00]
 [-7.40973153e+00]
 [-1.16678728e+01]
 [-1.14639043e+01]
 [-1.03296245e+01]
 [-1.00523801e+01]
 [-1.12923359e+01]
 [-7.49573915e+00]
 [-1.14540667e+00]
 [-7.96646083e+00]
 [ 1.44256392e+00]
 [ 1.25733032e+00]
 [-5.99132710e-01]
 [-1.19018724e+00]
 [-2.03844379e+00]
 [-1.92949665e+00]
 [-2.17572327e+00]
 [-2.03242883e+00]
 [-2.19764989e+00]
 [-1.48880886e+00]
 [-2.00112618e+00]
 [-2.11446261e+00]
 [-1.56252322e+00]
 [ 6.73302963e-02]
 [ 3.80277825e+00]
 [ 3.15528986e+00]
 [ 3.53103232e+00]
 [ 6.32215134e+00]
 [ 4.20062507e+00]
 [ 3.31650497e+00]
 [ 2.02017828e+00]
 [ 8.93985604e-01]
 [-1.19257078e-01]
 [-5.10121390e-01]
 [-5.22307321e-01]
 [ 6.19985046e+00]
 [ 4.15518191e+00]
 [ 2.25881925e+00]
 [ 9.23260742e-01]
 [ 9.22940406e-01]
 [ 9.20574980e-01]
 [ 9.13928013e-01]
 [ 9.50732087e-01]
 [ 9.29878905e-01]
 [ 9.11595310e-01]
 [ 8.86641552e-01]
 [ 8.30666200e-01]
 [ 7.77451581e-01]
 [ 6.66960580e-01]
 [ 8.49920967e-01]
 [ 9.72253833e-01]
 [ 8.31324130e-01]
 [ 8.39621339e-01]
 [ 1.18114587e+00]
 [ 1.14458865e+00]
 [ 1.12216243e+00]
 [ 1.14141826e+00]
 [ 1.32288892e+00]
 [ 1.29261098e+00]
 [ 1.22186680e+00]
 [ 1.17926430e+00]
 [ 1.18688347e+00]
 [ 1.29415165e+00]
 [ 1.26219174e+00]
 [ 1.09006260e+00]
 [ 1.15886513e+00]
 [ 1.01514558e+00]
 [ 1.31914902e+00]
 [ 1.03005139e+00]
 [ 1.07089824e+00]
 [ 1.31070804e+00]
 [ 1.62764545e+00]
 [ 1.98622599e+01]
 [ 2.03873449e+01]
 [ 2.19488151e+01]
 [ 2.29752677e+01]
 [ 2.10055405e+01]
 [ 1.52257112e+01]
 [ 1.36586366e+01]
 [ 1.48613651e+01]
 [ 1.23269255e+01]
 [ 1.16259727e+01]
 [ 1.27852110e+01]
 [ 1.22526657e+01]
 [ 1.30527323e+01]
 [ 1.68158209e+01]
 [ 1.01947781e+01]
 [ 1.07905728e+01]
 [ 1.04773013e+01]
 [ 9.25027134e+00]
 [ 8.76355048e+00]
 [ 8.18985800e+00]
 [ 1.02305646e+01]
 [ 9.74994607e+00]
 [ 8.42100945e+00]
 [ 9.62680214e+00]
 [ 8.96727482e+00]
 [ 8.58120178e+00]
 [ 8.40012495e+00]
 [ 7.37268941e+00]
 [ 7.37574089e+00]
 [ 7.39675118e+00]
 [ 7.04158649e+00]
 [ 9.85251965e+00]
 [ 1.10644105e+01]
 [ 8.74976834e+00]
 [-4.44712138e+00]
 [-1.47148515e+00]
 [-9.59662578e-01]
 [ 6.51418696e-01]
 [ 7.60896483e-01]
 [ 1.11789026e+00]
 [ 4.40063045e-01]
 [-8.20847200e-01]
 [-1.57944411e+00]
 [-1.49411698e+00]
 [-1.68010935e+00]
 [-2.30338991e+00]
 [-2.74568420e-01]
 [-2.89802953e-01]
 [ 3.21387879e-01]
 [ 6.08287836e-01]
 [ 1.29559061e+00]
 [ 1.26641850e+00]
 [ 6.07028432e-01]
 [ 3.55321206e+00]
 [ 6.15619979e+00]
 [ 5.03937821e+00]
 [ 2.14680320e-01]
 [ 5.57874214e-01]
 [-7.37332146e-01]
 [-1.07523403e+00]
 [-1.51688429e+00]
 [-2.15975433e+00]
 [-2.59589244e+00]
 [-3.42514238e+00]
 [-3.56271517e+00]
 [ 4.39577183e+00]
 [ 1.00026637e+00]
 [-8.78612233e-01]
 [-4.09756598e+00]
 [-4.26268191e+00]
 [-3.49142379e+00]
 [-2.35669663e+00]
 [-1.14657391e+00]
 [-2.07094125e+00]
 [-2.02882407e+00]
 [-2.29310761e+00]
 [-3.11222293e+00]
 [-4.27743879e+00]
 [-4.83827197e+00]
 [-5.36781233e+00]
 [-4.70373432e+00]
 [-4.38501109e+00]
 [-4.53086860e+00]
 [-5.53347701e+00]
 [-5.96988410e+00]
 [-6.91915791e+00]
 [-6.70853638e+00]
 [-4.70917318e+00]
 [-1.17670955e+00]
 [-2.96277668e+00]
 [-4.16042865e+00]
 [-5.92226397e+00]
 [-7.29190778e+00]
 [-8.20959359e+00]
 [-8.59540321e+00]
 [-7.97037373e+00]
 [-7.33984914e+00]
 [-7.77885138e+00]
 [-7.92215763e+00]
 [ 2.54031224e-01]
 [-2.07858963e+00]
 [-9.14604019e+00]]