Fixed effect-removed result:
[[ 8.80208228e+00]
 [ 4.77236828e+00]
 [ 5.95570528e+00]
 [ 8.67775528e+00]
 [ 3.11554128e+00]
 [ 1.12570128e+00]
 [ 1.00780993e+01]
 [-1.36216872e+00]
 [ 1.33667113e+01]
 [ 7.29571328e+00]
 [-2.54557872e+00]
 [-1.81322872e+00]
 [ 7.01907428e+00]
 [ 5.35572528e+00]
 [-4.44272872e+00]
 [ 1.10197313e+01]
 [ 6.05394428e+00]
 [ 5.87051284e-01]
 [-4.35223872e+00]
 [ 7.44991284e-01]
 [ 1.58136613e+01]
 [ 1.50847213e+01]
 [ 9.05087028e+00]
 [ 8.98015228e+00]
 [ 2.98741284e-01]
 [ 8.67064128e+00]
 [ 1.12549983e+01]
 [ 6.99413028e+00]
 [-2.41508716e-01]
 [ 2.35495128e+00]
 [-1.26488872e+00]
 [-7.75054872e+00]
 [ 1.19809923e+01]
 [ 1.21735243e+01]
 [ 1.19956113e+01]
 [ 1.11911033e+01]
 [ 1.21516023e+01]
 [ 7.20118428e+00]
 [-2.77457872e+00]
 [ 1.32693513e+01]
 [ 9.14790328e+00]
 [ 2.11753128e+00]
 [ 5.54927528e+00]
 [ 6.31331284e-01]
 [ 5.87511128e+00]
 [ 1.32141128e+00]
 [ 1.67204415e+00]
 [ 1.58080515e+00]
 [ 2.81933146e-01]
 [ 1.77070315e+00]
 [-9.81547854e-01]
 [ 2.56060146e-01]
 [ 1.26549115e+00]
 [-1.43511585e+00]
 [ 1.71162815e+00]
 [ 7.02321146e-01]
 [ 1.00597215e+00]
 [ 9.96233146e-01]
 [-4.55202585e+00]
 [ 2.24925415e+00]
 [ 2.91732015e+00]
 [ 1.72324915e+00]
 [ 1.73438146e-01]
 [ 3.34916715e+00]
 [ 1.53571115e+00]
 [ 1.23266515e+00]
 [-2.71943585e+00]
 [-1.88926985e+00]
 [ 1.70719315e+00]
 [ 1.64664815e+00]
 [ 1.49748315e+00]
 [ 1.54674515e+00]
 [ 1.63453415e+00]
 [ 2.24485315e+00]
 [ 2.68617815e+00]
 [ 1.61130315e+00]
 [-3.98779854e-01]
 [ 1.67113615e+00]
 [ 6.53859146e-01]
 [ 1.66922015e+00]
 [ 8.58430146e-01]
 [ 5.02347146e-01]
 [ 1.44544315e+00]
 [ 1.32588115e+00]
 [-4.09158854e-01]
 [-2.78943854e-01]
 [ 1.19219146e-01]
 [ 1.56005415e+00]
 [ 3.07596146e-01]
 [ 2.26452146e-01]
 [ 1.92501455e-02]
 [ 4.95425146e-01]
 [ 4.25973988e+00]
 [ 3.45560688e+00]
 [ 5.22447888e+00]
 [ 3.20537988e+00]
 [-2.06613212e+00]
 [ 3.22827388e+00]
 [ 2.36539688e+00]
 [ 2.89283388e+00]
 [ 2.47313988e+00]
 [ 5.02216879e-01]
 [-8.22712120e-03]
 [ 1.42255888e+00]
 [ 1.70323879e-01]
 [ 4.38496879e-01]
 [ 5.37272879e-01]
 [ 1.26526988e+00]
 [ 1.49134988e+00]
 [ 3.64798188e+00]
 [ 3.26725888e+00]
 [ 1.82803788e+00]
 [-4.68671212e-02]
 [ 5.13698879e-01]
 [-1.69862212e+00]
 [ 1.25941388e+00]
 [ 9.99112879e-01]
 [ 3.02031879e-01]
 [ 1.25136088e+00]
 [ 2.47022888e+00]
 [ 2.32112688e+00]
 [ 2.78918988e+00]
 [ 8.68476879e-01]
 [ 3.24848788e-02]
 [-2.66440121e-01]
 [ 1.70045188e+00]
 [ 5.21741879e-01]
 [ 1.28897488e+00]
 [ 1.27552688e+00]
 [-8.90677121e-01]
 [-4.02731212e+00]
 [ 8.79684879e-01]
 [ 9.93256879e-01]
 [-9.03279121e-01]
 [-5.09730121e-01]
 [-1.38386121e-01]
 [-1.85101212e-02]
 [ 1.01677879e-01]
 [ 1.56728070e+00]
 [ 2.73492170e+00]
 [ 3.21206770e+00]
 [-6.75350296e-01]
 [-2.43215930e+00]
 [ 3.38383870e+00]
 [ 1.78179870e+00]
 [ 1.44307370e+00]
 [ 2.58494370e+00]
 [-1.56590296e-01]
 [-1.03617830e+00]
 [-1.96025930e+00]
 [ 6.99070365e-03]
 [ 1.25752870e+00]
 [ 7.62515704e-01]
 [ 7.21919704e-01]
 [-1.63267296e-01]
 [ 2.14181670e+00]
 [ 2.33113270e+00]
 [ 3.68958670e+00]
 [ 3.54284270e+00]
 [ 3.58387704e-01]
 [-2.52158930e+00]
 [ 8.91952704e-01]
 [ 1.72221704e-01]
 [-7.47521296e-01]
 [ 2.83781704e-01]
 [ 4.14198704e-01]
 [ 4.21715704e-01]
 [ 1.39662570e+00]
 [ 1.30051704e-01]
 [-1.56541930e+00]
 [-2.27532930e+00]
 [-3.95449296e-01]
 [-8.58705296e-01]
 [ 2.13474070e+00]
 [ 1.69511570e+00]
 [-4.83104296e-01]
 [-7.18427930e+00]
 [ 2.51451370e+00]
 [ 2.09458070e+00]
 [-1.07342630e+00]
 [-1.07583530e+00]
 [ 3.64270704e-01]
 [ 1.77785704e-01]
 [ 3.78205704e-01]
 [ 6.75100144e+00]
 [ 4.55477144e+00]
 [ 8.40359244e+00]
 [ 6.29340744e+00]
 [ 1.42579834e+01]
 [ 6.77117544e+00]
 [ 1.23628364e+01]
 [ 1.08206034e+01]
 [-1.30108565e-01]
 [ 1.18438934e+01]
 [ 1.11142754e+01]
 [ 8.58380444e+00]
 [ 1.23969644e+01]
 [ 8.92880944e+00]
 [ 1.03623704e+01]
 [ 9.88463544e+00]
 [ 9.07342744e+00]
 [ 1.47358544e+01]
 [ 1.10554144e+01]
 [ 1.06415264e+01]
 [ 6.16490244e+00]
 [ 1.05904674e+01]
 [ 9.85884744e+00]
 [ 1.17669954e+01]
 [ 1.26825634e+01]
 [ 1.26575934e+01]
 [ 9.15789244e+00]
 [ 1.12924874e+01]
 [ 1.39538274e+01]
 [ 8.94906244e+00]
 [ 9.93203744e+00]
 [ 8.91204644e+00]
 [ 1.29684524e+01]
 [ 1.30310144e+01]
 [ 1.43928964e+01]
 [ 1.43720364e+01]
 [ 1.49094314e+01]
 [ 8.99902844e+00]
 [ 1.35878554e+01]
 [ 1.53680314e+01]
 [ 1.17464354e+01]
 [ 1.05644594e+01]
 [ 1.14941774e+01]
 [ 1.25182994e+01]
 [ 1.32624964e+01]
 [ 1.22207574e+01]
 [ 4.80848606e+00]
 [ 4.82213206e+00]
 [ 5.88846506e+00]
 [ 5.41916206e+00]
 [ 2.76179006e+00]
 [ 4.67105406e+00]
 [ 6.54581506e+00]
 [ 4.55155906e+00]
 [ 5.10879806e+00]
 [ 7.66456706e+00]
 [ 5.71164606e+00]
 [ 3.09340567e-02]
 [ 1.97745606e+00]
 [ 4.76001706e+00]
 [ 2.46633057e-01]
 [ 3.65953406e+00]
 [ 2.71041606e+00]
 [ 3.56498706e+00]
 [ 5.24107606e+00]
 [ 5.02662106e+00]
 [ 4.69647206e+00]
 [ 4.28199606e+00]
 [ 4.28089706e+00]
 [ 5.32446006e+00]
 [ 6.00449606e+00]
 [ 5.60267606e+00]
 [ 2.48436806e+00]
 [-1.53422109e+01]
 [-1.42438494e+00]
 [ 2.70455706e+00]
 [ 1.42795506e+00]
 [ 2.28396406e+00]
 [ 2.56485806e+00]
 [ 2.81536306e+00]
 [ 3.47706006e+00]
 [ 3.28544106e+00]
 [ 4.12951106e+00]
 [ 3.79819306e+00]
 [ 2.41336006e+00]
 [ 4.00834306e+00]
 [ 3.95427306e+00]
 [ 3.81454006e+00]
 [ 3.34175306e+00]
 [ 2.79115706e+00]
 [ 2.66081106e+00]
 [ 2.81776906e+00]
 [ 5.19617928e-01]
 [ 2.39199593e+00]
 [ 5.82737193e+00]
 [ 4.20165093e+00]
 [-3.38865007e+00]
 [ 5.82689493e+00]
 [ 1.26201093e+00]
 [ 1.94164993e+00]
 [ 4.66066893e+00]
 [ 2.13152593e+00]
 [-4.54262072e-01]
 [-8.84904072e-01]
 [-1.29287072e-01]
 [ 1.92736193e+00]
 [ 1.49959593e+00]
 [ 1.56148193e+00]
 [ 1.89347093e+00]
 [ 2.89588693e+00]
 [ 2.08989393e+00]
 [ 6.87284928e-01]
 [ 2.39957928e-01]
 [-4.64215072e-01]
 [-2.15130007e+00]
 [ 8.52533928e-01]
 [ 1.58834693e+00]
 [-1.21210720e-02]
 [ 5.36871928e-01]
 [ 3.17585928e-01]
 [ 2.61359928e-01]
 [ 2.41161693e+00]
 [ 4.73698928e-01]
 [-1.04994307e+00]
 [-1.14717207e+00]
 [ 2.83448928e-01]
 [-3.48824072e-01]
 [ 7.08096928e-01]
 [ 1.75378928e-01]
 [-2.34889007e+00]
 [-6.78055007e+00]
 [ 3.88032928e-01]
 [-7.21867072e-01]
 [-4.11750007e+00]
 [-3.02665007e+00]
 [-1.18481707e+00]
 [-3.46531072e-01]
 [-4.40227072e-01]
 [ 3.02116406e+00]
 [ 6.73571906e+00]
 [ 6.35477206e+00]
 [-2.90306794e+00]
 [ 1.41374806e+00]
 [ 2.29715606e+00]
 [ 2.71251006e+00]
 [ 3.59411406e+00]
 [ 3.80621406e+00]
 [ 1.13976306e+00]
 [ 2.53150806e+00]
 [ 1.63462906e+00]
 [ 1.84521706e+00]
 [ 2.82416706e+00]
 [ 3.55555306e+00]
 [ 1.64869806e+00]
 [ 3.05283806e+00]
 [ 5.10719206e+00]
 [ 3.18021006e+00]
 [ 3.21488506e+00]
 [ 1.73966906e+00]
 [-8.29757937e-01]
 [-2.19574794e+00]
 [-6.84761937e-01]
 [ 1.06431206e+00]
 [ 1.42217106e+00]
 [-6.01782937e-01]
 [-2.80623794e+00]
 [-1.92977794e+00]
 [ 1.10180506e+00]
 [-1.27149194e+00]
 [-1.55983494e+00]
 [-1.49607937e-01]
 [ 5.26860063e-01]
 [-1.51579370e-02]
 [-2.57820937e-01]
 [-2.36439370e-02]
 [-2.77136794e+00]
 [-7.09423794e+00]
 [ 2.51391106e+00]
 [-1.79324794e+00]
 [-1.82737937e-01]
 [ 3.22440063e-01]
 [-1.30310894e+00]
 [-3.24004937e-01]
 [-7.39633937e-01]
 [ 7.63868930e+00]
 [ 4.33471430e+00]
 [ 1.20115493e+01]
 [ 6.64487230e+00]
 [ 5.04751130e+00]
 [ 1.02991593e+01]
 [ 9.46165930e+00]
 [ 7.95848930e+00]
 [ 5.80963130e+00]
 [-4.51728070e+00]
 [ 4.36451030e+00]
 [ 5.44902030e+00]
 [ 1.04260593e+01]
 [ 7.62690930e+00]
 [ 4.93364530e+00]
 [ 8.40808930e+00]
 [ 9.65126930e+00]
 [ 9.08871930e+00]
 [ 4.21370930e+00]
 [ 6.99522930e+00]
 [ 7.53794930e+00]
 [ 3.35950530e+00]
 [ 4.03074330e+00]
 [ 6.39014130e+00]
 [ 6.75460330e+00]
 [ 4.77850830e+00]
 [ 3.10618430e+00]
 [-8.28722070e+00]
 [ 8.49261930e+00]
 [ 6.10842530e+00]
 [ 1.70930630e+00]
 [ 4.61643330e+00]
 [ 1.17217299e-01]
 [ 2.08383930e+00]
 [ 1.10767630e+00]
 [ 2.36015330e+00]
 [ 2.64739530e+00]
 [ 1.32222986e-02]
 [-2.10849070e+00]
 [ 3.68079330e+00]
 [ 8.65688299e-01]
 [-5.23602701e-01]
 [ 8.02042986e-02]
 [ 5.25447299e-01]
 [-2.57647014e-02]
 [ 1.13304299e-01]
 [ 1.79785996e+00]
 [ 6.26419896e+00]
 [ 5.89651196e+00]
 [ 3.81221896e+00]
 [ 3.77987696e+00]
 [ 2.45283596e+00]
 [ 1.42603196e+00]
 [ 6.99233396e+00]
 [ 7.73356196e+00]
 [ 7.26864396e+00]
 [ 6.80799296e+00]
 [-2.59250804e+00]
 [-6.16090804e+00]
 [ 1.64557296e+00]
 [ 6.28775955e-01]
 [-5.71852804e+00]
 [-1.08861045e-01]
 [-7.19170045e-01]
 [ 2.23368496e+00]
 [ 3.10369796e+00]
 [ 2.25764296e+00]
 [ 1.66405096e+00]
 [ 2.09681796e+00]
 [ 2.97647296e+00]
 [-8.25583804e+00]
 [ 4.80865096e+00]
 [ 4.88224396e+00]
 [ 3.19931696e+00]
 [ 7.88945955e-01]
 [ 2.97784596e+00]
 [-2.36899804e+00]
 [-2.00444804e+00]
 [-5.18225045e-01]
 [ 1.95598296e+00]
 [ 3.43198955e-01]
 [ 2.53046996e+00]
 [ 3.26837955e-01]
 [-8.21023045e-01]
 [-7.25034804e+00]
 [ 3.15350996e+00]
 [ 1.69839996e+00]
 [ 1.67771496e+00]
 [-6.10516045e-01]
 [ 8.80675955e-01]
 [ 1.30586396e+00]
 [ 9.48719955e-01]
 [ 4.46690490e+00]
 [ 3.68379990e+00]
 [ 5.59414790e+00]
 [ 3.58864290e+00]
 [ 1.51953895e-01]
 [ 4.60623490e+00]
 [ 2.67036490e+00]
 [ 2.84617190e+00]
 [ 2.16409090e+00]
 [ 1.49183890e+00]
 [-6.33685105e-01]
 [-1.09083510e+00]
 [ 2.21988290e+00]
 [ 3.21160390e+00]
 [ 2.73010490e+00]
 [ 2.93690090e+00]
 [ 2.08117390e+00]
 [ 3.59114390e+00]
 [ 4.57004290e+00]
 [ 4.33314790e+00]
 [ 2.58905990e+00]
 [ 1.85599590e+00]
 [ 1.40747690e+00]
 [ 3.11101690e+00]
 [ 3.26596090e+00]
 [ 3.71664390e+00]
 [ 4.44979190e+00]
 [ 4.67533990e+00]
 [ 5.20161790e+00]
 [ 4.38868790e+00]
 [ 2.27418890e+00]
 [ 2.53554895e-01]
 [ 4.33847895e-01]
 [ 2.18063090e+00]
 [ 2.31029090e+00]
 [ 3.66856190e+00]
 [ 3.84839790e+00]
 [ 1.84898590e+00]
 [-3.61765510e+00]
 [ 1.55258690e+00]
 [ 1.81355090e+00]
 [-9.07115105e-01]
 [-4.04151048e-02]
 [ 1.56961490e+00]
 [ 2.41068190e+00]
 [ 2.35986690e+00]
 [ 3.87902843e+00]
 [ 7.37930143e+00]
 [ 7.01802043e+00]
 [ 4.84834143e+00]
 [-2.28241566e-01]
 [ 2.53334743e+00]
 [ 2.06812943e+00]
 [ 6.92558434e-01]
 [-7.28897566e-01]
 [ 1.43828343e+00]
 [-9.02914566e-01]
 [ 4.76017434e-01]
 [ 9.99671434e-01]
 [ 1.01424343e+00]
 [ 1.55099143e+00]
 [ 2.48287743e+00]
 [ 4.77667843e+00]
 [ 4.32387943e+00]
 [ 4.05658543e+00]
 [ 3.01094843e+00]
 [ 1.77555643e+00]
 [ 1.58770434e-01]
 [-1.80193457e+00]
 [ 1.61275043e+00]
 [ 1.98704943e+00]
 [ 1.90433943e+00]
 [ 2.91916943e+00]
 [ 3.53553343e+00]
 [ 3.71432943e+00]
 [ 4.51865543e+00]
 [ 3.23062943e+00]
 [ 2.10943143e+00]
 [ 2.41712643e+00]
 [ 2.39630243e+00]
 [ 2.95255743e+00]
 [ 3.40367843e+00]
 [ 2.99854743e+00]
 [ 3.47242434e-01]
 [-4.34419457e+00]
 [-7.56380566e-01]
 [-1.76920457e+00]
 [-3.69819457e+00]
 [-2.47615457e+00]
 [ 6.09552434e-01]
 [ 2.66180843e+00]
 [ 2.50401843e+00]
 [ 1.36011331e+00]
 [ 2.17769131e+00]
 [ 4.38446631e+00]
 [-4.58766469e+00]
 [-3.60331469e+00]
 [ 7.85804310e-01]
 [ 3.18839310e-01]
 [ 2.07759431e+00]
 [ 1.61719931e+00]
 [-4.15202469e+00]
 [-2.89524469e+00]
 [-1.13694690e-01]
 [ 2.09766331e+00]
 [ 1.51981310e-01]
 [ 2.07107031e+00]
 [ 1.00002431e+00]
 [ 3.18230431e+00]
 [ 3.62337231e+00]
 [ 4.45149310e-01]
 [-1.39245369e+00]
 [-3.21079469e+00]
 [-1.75027869e+00]
 [ 4.02670310e-01]
 [ 1.75578431e+00]
 [ 3.45479310e-01]
 [ 4.14399310e-01]
 [ 1.91399331e+00]
 [ 1.01355331e+00]
 [ 1.09247031e+00]
 [ 1.53987431e+00]
 [ 4.19876310e-01]
 [ 3.33623310e-01]
 [ 1.20165431e+00]
 [ 2.40200310e-01]
 [ 9.71834310e-01]
 [ 3.31745310e-01]
 [ 2.32453310e-01]
 [-2.59679469e+00]
 [-6.31201469e+00]
 [-4.29707690e-01]
 [-6.71630690e-01]
 [-6.42924690e-01]
 [-7.18656898e-02]
 [ 9.29996310e-01]
 [ 2.21685310e-01]
 [-1.88463690e-01]
 [ 1.76511095e+00]
 [ 3.73289695e+00]
 [ 4.11275895e+00]
 [-2.04751605e+00]
 [-1.72804605e+00]
 [ 3.85572395e+00]
 [ 3.07823095e+00]
 [ 4.03131895e+00]
 [ 1.64532495e+00]
 [-1.77496605e+00]
 [ 1.06410395e+00]
 [-3.44125605e+00]
 [ 3.10209095e+00]
 [ 5.72872095e+00]
 [ 2.70837195e+00]
 [ 1.98124795e+00]
 [ 1.93138195e+00]
 [ 2.67360595e+00]
 [ 2.15015795e+00]
 [ 3.89003947e-01]
 [-1.60444605e+00]
 [ 2.02502995e+00]
 [ 1.21549095e+00]
 [ 2.50727695e+00]
 [ 1.18860995e+00]
 [ 2.26551495e+00]
 [ 2.95665995e+00]
 [ 2.91954495e+00]
 [ 3.15483395e+00]
 [ 2.56180995e+00]
 [-5.54384053e-01]
 [ 2.55761947e-01]
 [ 1.27640995e+00]
 [ 2.25537695e+00]
 [ 1.81484995e+00]
 [ 1.13625995e+00]
 [ 2.48203947e-01]
 [-1.82198605e+00]
 [-4.30589605e+00]
 [ 1.00155495e+00]
 [ 7.10889472e-02]
 [ 6.93664947e-01]
 [ 1.46965947e-01]
 [ 1.03882795e+00]
 [ 1.33122095e+00]
 [-4.50870528e-02]
 [-1.33038182e+01]
 [ 2.54518518e+01]
 [ 1.84105778e+00]
 [ 5.52279978e+00]
 [ 3.07322378e+00]
 [ 6.41463778e+00]
 [ 3.28646778e+00]
 [ 7.24271778e+00]
 [ 5.50570878e+00]
 [-1.18151122e+00]
 [ 1.02787778e+00]
 [ 4.42788578e+00]
 [ 3.42788478e+00]
 [ 3.62787878e+00]
 [ 1.72787878e+00]
 [-1.57211722e+00]
 [-2.67211822e+00]
 [-2.97212822e+00]
 [ 2.42788378e+00]
 [-1.17211722e+00]
 [-3.17211822e+00]
 [-1.72116221e-01]
 [-4.07211822e+00]
 [-2.87211822e+00]
 [ 1.82787678e+00]
 [ 2.12787978e+00]
 [-8.72118221e-01]
 [ 3.12788578e+00]
 [ 1.22788378e+00]
 [ 1.84755978e+00]
 [ 1.03627678e+00]
 [ 3.63720478e+00]
 [ 5.22975378e+00]
 [ 2.32950578e+00]
 [ 3.93567278e+00]
 [-2.87630221e-01]
 [ 1.40075678e+00]
 [ 3.88016779e-01]
 [-3.39874221e-01]
 [ 1.66202678e+00]
 [ 9.19747779e-01]
 [ 1.40265078e+00]
 [ 7.95520779e-01]
 [ 1.81700278e+00]
 [ 1.79134878e+00]
 [ 1.32788178e+00]
 [ 3.24636867e+00]
 [ 4.33926067e+00]
 [ 3.02183467e+00]
 [ 2.07353767e+00]
 [-2.23234033e+00]
 [ 2.70984467e+00]
 [ 3.21138067e+00]
 [-2.07925033e+00]
 [ 3.48809967e+00]
 [-1.37115330e-01]
 [-2.01289033e+00]
 [ 1.42653670e-01]
 [ 1.10448767e+00]
 [-1.81732533e+00]
 [ 6.30077670e-01]
 [ 4.32792670e-01]
 [-5.11432330e-01]
 [ 1.42727967e+00]
 [ 2.01847467e+00]
 [ 2.47704167e+00]
 [ 1.57302667e+00]
 [ 2.24924670e-01]
 [-1.34179133e+00]
 [ 5.33518670e-01]
 [ 7.99383670e-01]
 [ 4.80934670e-01]
 [ 2.24995670e-01]
 [ 1.71283067e+00]
 [ 1.68772967e+00]
 [ 1.50712167e+00]
 [-6.01430330e-01]
 [-2.17051330e-01]
 [-9.27127330e-01]
 [ 8.66518670e-01]
 [ 3.75466670e-01]
 [ 1.58544067e+00]
 [ 1.85881467e+00]
 [-4.08175330e-01]
 [-5.63318033e+00]
 [-3.15053304e-02]
 [ 1.05419767e+00]
 [-1.18815633e+00]
 [-1.84309633e+00]
 [-1.03986633e+00]
 [-7.76746330e-01]
 [-4.17685330e-01]
 [-5.10986481e+00]
 [-1.36040848e+01]
 [ 3.69529519e+00]
 [ 9.96157119e+00]
 [-3.71859481e+00]
 [ 6.03097619e+00]
 [ 3.04267119e+00]
 [ 7.44345319e+00]
 [ 5.17125019e+00]
 [ 1.18875719e+00]
 [ 7.60355919e+00]
 [ 2.50394319e+00]
 [ 4.25066119e+00]
 [ 5.17292519e+00]
 [ 3.71163019e+00]
 [ 4.54299819e+00]
 [ 4.14201719e+00]
 [ 2.78587219e+00]
 [ 3.20619719e+00]
 [ 5.99187319e+00]
 [ 3.85484319e+00]
 [ 5.81230119e+00]
 [ 5.08117719e+00]
 [ 4.25974119e+00]
 [ 5.49089319e+00]
 [ 4.89253419e+00]
 [ 4.85951119e+00]
 [ 5.54664219e+00]
 [ 5.03977119e+00]
 [ 5.66291019e+00]
 [ 5.44690319e+00]
 [ 4.20273919e+00]
 [ 5.10918219e+00]
 [ 5.60914819e+00]
 [ 6.90556019e+00]
 [ 7.04148319e+00]
 [ 7.42825119e+00]
 [ 6.38340519e+00]
 [ 5.41474019e+00]
 [ 5.94141719e+00]
 [ 6.83399919e+00]
 [ 6.89105019e+00]
 [ 6.38321119e+00]
 [ 6.43070819e+00]
 [ 6.92224819e+00]
 [ 7.48308019e+00]
 [ 2.39053642e+00]
 [ 3.70031342e+00]
 [ 4.78641142e+00]
 [ 2.96996742e+00]
 [-3.56123058e+00]
 [ 4.05745542e+00]
 [-9.69135582e-01]
 [ 1.24660642e+00]
 [ 7.45782418e-01]
 [ 2.84876342e+00]
 [-1.87457058e+00]
 [-1.00030358e+00]
 [-1.28344758e+00]
 [ 8.71092418e-01]
 [ 5.65024184e-02]
 [ 2.27471418e-01]
 [ 7.11368418e-01]
 [ 3.12791842e+00]
 [ 1.87387642e+00]
 [ 1.54211142e+00]
 [ 2.37783418e-01]
 [-6.46355816e-02]
 [-2.55716058e+00]
 [ 1.63168042e+00]
 [ 7.89466418e-01]
 [-1.88458162e-03]
 [ 2.11515442e+00]
 [ 3.79983418e-01]
 [ 1.96802142e+00]
 [ 2.03836142e+00]
 [-7.83746582e-01]
 [ 1.85215418e-01]
 [-8.20723582e-01]
 [ 2.03939042e+00]
 [ 4.98982418e-01]
 [ 9.10849418e-01]
 [ 1.85368342e+00]
 [-8.12117582e-01]
 [-3.84846058e+00]
 [ 1.14892242e+00]
 [ 2.03012418e-01]
 [-1.36049358e+00]
 [-1.39464058e+00]
 [-3.02025582e-01]
 [-1.68333582e-01]
 [-1.82998582e-01]
 [-5.83255959e-01]
 [ 7.33995204e+00]
 [ 4.61974904e+00]
 [ 4.25289604e+00]
 [-3.98176596e+00]
 [ 1.79794004e+00]
 [ 5.89724804e+00]
 [ 2.16866204e+00]
 [ 7.44933104e+00]
 [ 7.69534804e+00]
 [ 1.08678150e+01]
 [ 3.14865004e+00]
 [-3.43423596e+00]
 [ 8.84342404e+00]
 [ 8.44390904e+00]
 [ 3.08472604e+00]
 [-5.86415959e-01]
 [ 4.31882904e+00]
 [-1.94057596e+00]
 [ 9.88971804e+00]
 [ 5.13938304e+00]
 [ 3.87129504e+00]
 [ 6.74975604e+00]
 [ 2.93398404e+00]
 [ 6.95878304e+00]
 [ 5.23786804e+00]
 [ 6.64827204e+00]
 [ 4.87459604e+00]
 [ 6.25503304e+00]
 [ 6.77357604e+00]
 [ 6.24399504e+00]
 [ 5.55805404e+00]
 [ 4.35762904e+00]
 [ 5.34321304e+00]
 [ 2.62516204e+00]
 [ 4.86059804e+00]
 [ 6.90010004e+00]
 [ 5.80348304e+00]
 [ 3.24288504e+00]
 [ 3.02378304e+00]
 [ 3.87633404e+00]
 [ 5.73006204e+00]
 [ 8.10330004e+00]
 [ 7.26541604e+00]
 [ 3.00939204e+00]
 [ 4.87844404e+00]
 [-1.42605470e+01]
 [-1.13563980e+01]
 [-1.35847220e+01]
 [-1.63843150e+01]
 [-1.20128650e+01]
 [-1.47093160e+01]
 [-1.43526670e+01]
 [-1.72711890e+01]
 [-1.91905390e+01]
 [-2.06956530e+01]
 [-1.90482660e+01]
 [-2.32626230e+01]
 [-2.33660030e+01]
 [-1.95245530e+01]
 [-2.10002730e+01]
 [-2.18977630e+01]
 [-1.68604040e+01]
 [-1.64143800e+01]
 [-1.55337530e+01]
 [-1.46880970e+01]
 [-1.40573560e+01]
 [-1.76773860e+01]
 [-1.50545890e+01]
 [-1.46566130e+01]
 [-1.46456100e+01]
 [-1.49625400e+01]
 [-1.43696740e+01]
 [-1.42945310e+01]
 [-1.88969930e+01]
 [-1.68160750e+01]
 [-1.76400820e+01]
 [-1.68383180e+01]
 [-1.66125420e+01]
 [-1.51505890e+01]
 [-1.49024480e+01]
 [-1.45268740e+01]
 [-1.47595000e+01]
 [-1.31753860e+01]
 [-1.59668820e+01]
 [-1.51971600e+01]
 [-1.41197900e+01]
 [-1.42016080e+01]
 [-1.25278710e+01]
 [-1.38633130e+01]
 [-1.44666950e+01]
 [-1.50599640e+01]
 [ 3.71610129e+00]
 [ 4.61426029e+00]
 [ 2.75208829e+00]
 [ 1.05891873e+01]
 [ 5.30114429e+00]
 [ 1.08376563e+01]
 [ 2.67311529e+00]
 [ 6.91058629e+00]
 [ 5.96738329e+00]
 [ 3.09964029e+00]
 [ 6.55806429e+00]
 [ 1.18649583e+01]
 [ 2.64874629e+00]
 [ 5.24061290e-01]
 [ 1.08201263e+01]
 [ 1.02581243e+01]
 [ 2.06642129e+00]
 [ 8.09835429e+00]
 [ 4.45302829e+00]
 [ 1.69983129e+00]
 [ 1.13727453e+01]
 [ 2.53547229e+00]
 [ 5.76414629e+00]
 [ 3.61776829e+00]
 [ 8.01913529e+00]
 [ 1.33175013e+01]
 [ 8.61959629e+00]
 [ 9.61048129e+00]
 [ 9.70694029e+00]
 [ 4.12300329e+00]
 [ 8.91616129e+00]
 [ 6.65576529e+00]
 [ 1.01052013e+01]
 [ 6.78123529e+00]
 [ 1.09646233e+01]
 [ 8.55592029e+00]
 [ 7.95776629e+00]
 [ 9.59725929e+00]
 [ 5.26477529e+00]
 [ 7.67613429e+00]
 [ 8.92962629e+00]
 [ 8.75546029e+00]
 [ 8.09535029e+00]
 [ 6.62959829e+00]
 [ 6.19730929e+00]
 [ 8.22733929e+00]
 [-7.27240164e+00]
 [-8.07826664e+00]
 [-5.39642864e+00]
 [-1.78496427e-02]
 [ 4.92950357e-01]
 [-1.62472496e+01]
 [ 2.98776036e+00]
 [ 1.12508904e+01]
 [-4.71699064e+00]
 [-1.27173996e+01]
 [ 6.33057036e+00]
 [-3.23590664e+00]
 [-3.88527864e+00]
 [-3.27753664e+00]
 [-2.68894764e+00]
 [-3.98044664e+00]
 [-1.28987596e+01]
 [-1.85757396e+01]
 [-1.25712296e+01]
 [-1.68578096e+01]
 [-1.45607096e+01]
 [-1.38521096e+01]
 [-1.86841796e+01]
 [-8.62817464e+00]
 [-7.28231764e+00]
 [-6.39102264e+00]
 [-5.52078864e+00]
 [-6.24981864e+00]
 [-6.46009264e+00]
 [-7.19873564e+00]
 [-6.38402564e+00]
 [-6.51490564e+00]
 [-6.18491464e+00]
 [-3.97115364e+00]
 [-8.73144764e+00]
 [-7.29444064e+00]
 [-5.84990764e+00]
 [-7.26330864e+00]
 [-8.55344564e+00]
 [-7.32960164e+00]
 [-6.62283264e+00]
 [-6.20884464e+00]
 [-5.34784364e+00]
 [-4.86805064e+00]
 [-5.10064564e+00]
 [-6.30165664e+00]
 [-2.28800447e-01]
 [ 1.09939755e+00]
 [ 2.61774455e+00]
 [-6.55470447e-01]
 [-2.52348545e+00]
 [ 8.52843553e-01]
 [-8.88227447e-01]
 [-3.92867447e-01]
 [-5.41535447e-01]
 [-2.18384145e+00]
 [-8.43338447e-01]
 [-7.54847845e+00]
 [-1.74788545e+00]
 [ 1.57889155e+00]
 [ 3.87624553e-01]
 [-2.18464245e+00]
 [-2.49993447e-01]
 [ 8.29425534e-02]
 [-2.02248445e+00]
 [-4.19211245e+00]
 [-6.47214845e+00]
 [-3.46348245e+00]
 [-1.69122245e+00]
 [ 1.47016553e-01]
 [-1.66875045e+00]
 [-2.73541045e+00]
 [-6.66464466e-02]
 [-4.64699447e-01]
 [ 8.16752553e-01]
 [ 8.36231553e-01]
 [-2.57563945e+00]
 [-1.33644245e+00]
 [-2.54418545e+00]
 [-1.26049745e+00]
 [-1.14507645e+00]
 [-1.72304545e+00]
 [-2.28371045e+00]
 [-3.34609745e+00]
 [-7.29604845e+00]
 [-1.26294445e+00]
 [-1.20523945e+00]
 [-2.60098645e+00]
 [-1.87145645e+00]
 [-1.49071945e+00]
 [-3.34557645e+00]
 [-2.93235545e+00]
 [ 5.79975373e+00]
 [ 7.52194573e+00]
 [ 6.57601273e+00]
 [ 5.59105273e+00]
 [ 2.09657773e+00]
 [ 4.66571773e+00]
 [ 3.99654373e+00]
 [ 8.31198073e+00]
 [ 5.23138373e+00]
 [ 3.94672973e+00]
 [ 2.11174773e+00]
 [ 7.97010728e-01]
 [ 1.43290673e+00]
 [ 3.20363173e+00]
 [ 2.93679573e+00]
 [ 5.68682273e+00]
 [ 5.22003773e+00]
 [ 3.90835173e+00]
 [ 3.26595773e+00]
 [ 5.89056873e+00]
 [ 2.12576173e+00]
 [ 4.88120773e+00]
 [ 2.21418173e+00]
 [ 5.68434173e+00]
 [ 5.05096873e+00]
 [ 1.90438573e+00]
 [ 3.27882473e+00]
 [ 4.18314728e-01]
 [-4.35548927e+00]
 [ 4.26852373e+00]
 [ 1.52642873e+00]
 [ 2.35251073e+00]
 [ 3.76680273e+00]
 [ 5.18155273e+00]
 [ 4.55508673e+00]
 [ 6.54604573e+00]
 [ 6.74915873e+00]
 [ 3.39533573e+00]
 [ 1.50007973e+00]
 [ 3.82033173e+00]
 [ 6.43804273e+00]
 [ 3.89247473e+00]
 [ 4.72259673e+00]
 [ 4.24213873e+00]
 [ 2.90054773e+00]
 [ 1.89159073e+00]
 [ 2.81628875e+01]
 [ 2.90274025e+01]
 [ 2.86410405e+01]
 [ 2.82953725e+01]
 [ 2.81414485e+01]
 [ 2.13261385e+01]
 [ 1.14564215e+01]
 [ 2.67695985e+01]
 [ 3.02230765e+01]
 [ 3.80464615e+01]
 [ 3.80295715e+01]
 [ 4.40075515e+01]
 [ 2.62638145e+01]
 [ 2.73859825e+01]
 [ 1.92241915e+01]
 [ 1.35483215e+01]
 [ 2.05992285e+01]
 [ 2.21761145e+01]
 [ 2.30097285e+01]
 [ 2.14098555e+01]
 [ 2.28052185e+01]
 [ 2.30217995e+01]
 [ 1.94301715e+01]
 [ 1.49167715e+01]
 [ 2.43951755e+01]
 [ 2.47003335e+01]
 [ 1.97850415e+01]
 [ 2.41474045e+01]
 [ 1.78276515e+01]
 [ 2.79858315e+01]
 [ 2.42124535e+01]
 [ 2.49917215e+01]
 [ 2.12231155e+01]
 [ 2.38864835e+01]
 [ 2.81656105e+01]
 [ 2.66458485e+01]
 [ 1.88276315e+01]
 [ 2.59820845e+01]
 [ 2.78787935e+01]
 [ 2.91614525e+01]
 [ 2.38305175e+01]
 [ 2.42098225e+01]
 [ 2.38505565e+01]
 [ 2.71897675e+01]
 [ 2.30563375e+01]
 [ 1.76098315e+01]
 [ 1.70859352e+00]
 [ 2.63290452e+00]
 [ 2.79648552e+00]
 [-2.41884948e+00]
 [-2.75297948e+00]
 [ 4.62813552e+00]
 [ 5.73849520e-01]
 [ 9.29869520e-01]
 [ 2.57261652e+00]
 [-1.77942948e+00]
 [-1.96256948e+00]
 [ 2.38821152e+00]
 [ 1.29962152e+00]
 [ 2.86971152e+00]
 [ 2.70724652e+00]
 [ 3.60781352e+00]
 [-1.04221348e+00]
 [-1.31006948e+00]
 [-6.51224480e-01]
 [ 1.78805520e-01]
 [ 9.72165196e-02]
 [ 6.60572520e-01]
 [-1.28578048e+00]
 [ 4.03600952e+00]
 [ 1.73119452e+00]
 [ 1.60362852e+00]
 [ 1.96444052e+00]
 [ 9.21722520e-01]
 [ 1.65156752e+00]
 [ 2.45046052e+00]
 [-4.73290480e-01]
 [-8.30094480e-01]
 [-9.06365480e-01]
 [ 1.37175352e+00]
 [ 1.04022452e+00]
 [ 2.61654052e+00]
 [-3.87186480e-01]
 [-1.80846948e+00]
 [-6.20296948e+00]
 [ 5.74553520e-01]
 [ 4.03355196e-02]
 [-1.06997148e+00]
 [-3.63090480e-01]
 [ 3.22935520e-01]
 [ 3.10169520e-01]
 [ 6.67637520e-01]
 [ 1.32694774e+01]
 [ 1.27921674e+01]
 [ 1.52937674e+01]
 [ 8.39991043e+00]
 [ 7.59126043e+00]
 [ 9.12613043e+00]
 [ 7.37979143e+00]
 [ 4.53869243e+00]
 [ 6.92940643e+00]
 [ 1.03667464e+01]
 [ 6.67787443e+00]
 [ 4.09671643e+00]
 [ 7.02595343e+00]
 [ 3.65090343e+00]
 [ 2.75477433e-01]
 [ 5.92000043e+00]
 [ 1.25153774e+01]
 [ 4.55397043e+00]
 [ 6.79854643e+00]
 [-3.05630257e+00]
 [ 3.34214643e+00]
 [ 1.36189374e+01]
 [ 9.76252043e+00]
 [ 4.99836143e+00]
 [ 8.08343843e+00]
 [ 8.37583243e+00]
 [ 1.12832764e+01]
 [ 9.11248543e+00]
 [ 8.33805643e+00]
 [ 7.05976943e+00]
 [ 4.85752343e+00]
 [ 6.89311043e+00]
 [ 1.05229743e+00]
 [ 4.96814143e+00]
 [ 1.18262444e+01]
 [ 1.15723624e+01]
 [ 9.81395943e+00]
 [ 5.60751143e+00]
 [ 3.34416243e+00]
 [ 1.07376584e+01]
 [ 5.53143043e+00]
 [ 5.11537543e+00]
 [ 7.27321243e+00]
 [ 1.00340394e+01]
 [ 9.43137843e+00]
 [ 9.01021543e+00]
 [ 1.63906287e+01]
 [ 1.51156637e+01]
 [ 2.40487027e+01]
 [ 2.13065327e+01]
 [ 2.10701727e+01]
 [ 1.74952107e+01]
 [ 1.17028647e+01]
 [ 1.58048477e+01]
 [ 1.38320707e+01]
 [ 1.38067057e+01]
 [ 1.57108867e+01]
 [ 1.07128677e+01]
 [ 9.76115271e+00]
 [ 1.27232957e+01]
 [ 1.40330237e+01]
 [ 1.35628057e+01]
 [ 9.83892271e+00]
 [ 1.59884897e+01]
 [ 1.11038007e+01]
 [ 1.37779367e+01]
 [ 1.43893647e+01]
 [ 1.22123337e+01]
 [ 1.20712407e+01]
 [ 1.43562727e+01]
 [ 1.23505717e+01]
 [ 1.18297707e+01]
 [ 1.44258877e+01]
 [ 1.33645517e+01]
 [ 5.35863271e+00]
 [ 1.11898247e+01]
 [ 1.41136527e+01]
 [ 1.41947997e+01]
 [ 1.28208997e+01]
 [ 1.83090437e+01]
 [ 1.53893307e+01]
 [ 1.45015487e+01]
 [ 1.22880867e+01]
 [ 1.64551537e+01]
 [ 1.06645147e+01]
 [ 1.36233217e+01]
 [ 1.79661637e+01]
 [ 1.57399847e+01]
 [ 1.50445337e+01]
 [ 1.38868917e+01]
 [ 1.01968957e+01]
 [ 8.52164271e+00]
 [-3.15105555e+00]
 [-4.56309855e+00]
 [-5.88676155e+00]
 [-4.10649255e+00]
 [ 2.34715045e+00]
 [ 8.03528345e+00]
 [ 6.24494345e+00]
 [-8.12274547e-01]
 [-5.53149547e-01]
 [ 3.41933345e+00]
 [-2.83589655e+00]
 [ 3.31517445e+00]
 [ 8.09139453e-01]
 [-5.00478547e-01]
 [ 1.00394531e-02]
 [-3.94541055e+00]
 [-4.07258555e+00]
 [-1.29126255e+00]
 [-1.61962155e+00]
 [-8.90247547e-01]
 [-5.51315955e+00]
 [-2.16000255e+00]
 [-3.69120955e+00]
 [-2.61882455e+00]
 [-1.94952955e+00]
 [-1.60326555e+00]
 [-1.10087255e+00]
 [-2.55562355e+00]
 [-4.86533547e-01]
 [-1.22399855e+00]
 [-3.05674455e+00]
 [-4.22153655e+00]
 [-3.39971155e+00]
 [-2.50205655e+00]
 [-2.11303655e+00]
 [ 2.61911453e-01]
 [ 4.98274453e-01]
 [ 5.65620453e-01]
 [-1.91815155e+00]
 [-1.44689055e+00]
 [-4.81240255e+00]
 [-4.37638755e+00]
 [-4.40653055e+00]
 [-3.67608455e+00]
 [-2.21997755e+00]
 [-2.24535355e+00]
 [-6.35370388e-01]
 [ 4.74319561e+00]
 [ 3.99153761e+00]
 [ 2.44243612e-01]
 [-1.18739239e+00]
 [-2.64790739e+00]
 [-2.75278039e+00]
 [-7.25823880e-02]
 [ 4.12963561e+00]
 [ 2.39675661e+00]
 [-1.69751639e+00]
 [ 9.50636120e-02]
 [ 1.28766612e-01]
 [ 2.21837612e-01]
 [ 5.44402612e-01]
 [-2.66152388e-01]
 [ 5.66805612e-01]
 [ 2.21756861e+00]
 [ 2.09541161e+00]
 [-2.31650739e+00]
 [-8.90672039e+00]
 [-6.31692039e+00]
 [-3.72678039e+00]
 [ 9.46970612e-01]
 [ 1.21484061e+00]
 [ 6.66542612e-01]
 [ 3.25951761e+00]
 [ 2.43622261e+00]
 [ 1.45184361e+00]
 [ 2.64255661e+00]
 [-4.11498388e-01]
 [-1.31196539e+00]
 [-9.98306388e-01]
 [ 9.33766612e-01]
 [-2.12335388e-01]
 [ 1.06290661e+00]
 [ 2.19251061e+00]
 [-2.27162239e+00]
 [-1.12613304e+01]
 [ 4.76120086e-05]
 [-4.21472388e-01]
 [-4.41848039e+00]
 [-3.75033039e+00]
 [-3.62402039e+00]
 [-2.85720839e+00]
 [-8.56908388e-01]
 [ 8.85982783e+00]
 [ 9.93806783e+00]
 [ 8.78352783e+00]
 [ 3.80881978e+01]
 [ 1.77912078e+01]
 [ 3.42264378e+01]
 [-1.39810022e+01]
 [-2.54481022e+01]
 [-9.24497172e-01]
 [ 1.15403483e+00]
 [ 3.69642683e+00]
 [-4.49642217e+00]
 [ 4.20933883e+00]
 [ 6.10999983e+00]
 [-3.73185217e+00]
 [-2.20250217e+00]
 [-1.85449022e+01]
 [ 1.14464478e+01]
 [ 7.14640783e+00]
 [ 3.79333483e+00]
 [ 4.71360083e+00]
 [-4.48905217e+00]
 [ 2.54765283e+00]
 [ 2.31385283e+00]
 [ 3.57494583e+00]
 [ 2.22614683e+00]
 [ 4.33946483e+00]
 [ 2.07893183e+00]
 [-1.03315222e+01]
 [-3.28187217e+00]
 [ 7.36330828e-01]
 [-1.64793217e+00]
 [ 8.48427828e-01]
 [-7.09359172e-01]
 [ 1.27730983e+00]
 [-4.20550217e+00]
 [ 4.60921383e+00]
 [-4.70732217e+00]
 [-1.26857017e+00]
 [ 5.68978983e+00]
 [ 5.69310783e+00]
 [ 3.85346383e+00]
 [ 4.24002683e+00]
 [ 2.91509283e+00]
 [ 2.48035583e+00]
 [ 6.83477828e-01]
 [ 6.82660015e+00]
 [ 9.14557315e+00]
 [ 7.07780215e+00]
 [-7.45281685e+00]
 [ 5.35223215e+00]
 [ 5.83732115e+00]
 [ 1.92642515e+00]
 [ 6.23228615e+00]
 [ 2.26750315e+00]
 [-3.37445853e-01]
 [-2.56829685e+00]
 [-2.14722685e+00]
 [-2.09319685e+00]
 [ 9.96003147e-01]
 [ 1.49498015e+00]
 [-4.96916853e-01]
 [-3.27343685e+00]
 [ 3.27328515e+00]
 [ 2.78542315e+00]
 [-1.01457685e+00]
 [ 2.08542315e+00]
 [-3.14576853e-01]
 [-2.61457685e+00]
 [ 9.85423147e-01]
 [ 1.08514315e+00]
 [ 1.84755215e+00]
 [ 3.46962215e+00]
 [ 2.88032815e+00]
 [ 2.05802015e+00]
 [ 2.90519415e+00]
 [ 3.11703515e+00]
 [ 2.90829515e+00]
 [ 4.77995415e+00]
 [ 4.04641615e+00]
 [-4.15434853e-01]
 [ 4.63785715e+00]
 [ 2.25917015e+00]
 [-1.34974685e+00]
 [-5.31530685e+00]
 [-6.49361685e+00]
 [-1.01470669e+01]
 [-8.31506685e+00]
 [-4.25600685e+00]
 [-2.74799853e-01]
 [-1.30547685e+00]
 [-1.25888685e+00]
 [-2.52728746e+00]
 [-7.77990463e-01]
 [-1.32820846e+00]
 [-1.73601246e+00]
 [-6.16105146e+00]
 [-7.23776463e-01]
 [-3.01821463e-01]
 [-3.11435246e+00]
 [-3.39758646e+00]
 [-4.35106446e+00]
 [-7.46418346e+00]
 [-1.16411325e+01]
 [-1.06831325e+01]
 [-7.61434446e+00]
 [-8.72038246e+00]
 [-7.96799246e+00]
 [-4.56705946e+00]
 [-4.21865546e+00]
 [-4.16845246e+00]
 [-5.00847946e+00]
 [-4.45279346e+00]
 [-3.27270346e+00]
 [-4.18391046e+00]
 [-4.07730146e+00]
 [-3.16249446e+00]
 [-5.15326246e+00]
 [-3.74695246e+00]
 [-3.11751446e+00]
 [-4.26398046e+00]
 [-4.50217346e+00]
 [-5.77846846e+00]
 [-4.24441546e+00]
 [-5.58025246e+00]
 [-4.95896046e+00]
 [-4.85093146e+00]
 [-2.73126546e+00]
 [-1.80698546e+00]
 [-4.82989046e+00]
 [-7.58536746e+00]
 [-5.24113946e+00]
 [-3.94909646e+00]
 [-5.14101746e+00]
 [-4.41386546e+00]
 [-3.93664146e+00]
 [-3.97099846e+00]
 [-5.01855446e+00]
 [ 1.37528909e+01]
 [ 1.55201919e+01]
 [ 1.76277399e+01]
 [ 8.53024689e+00]
 [ 1.18885689e+01]
 [ 2.02585769e+01]
 [ 2.01417769e+01]
 [ 1.97635869e+01]
 [ 1.44223079e+01]
 [ 1.04263679e+01]
 [ 1.22910889e+01]
 [ 8.36666689e+00]
 [ 8.83353689e+00]
 [ 1.41035779e+01]
 [ 1.39461209e+01]
 [ 1.04805639e+01]
 [ 1.57892769e+01]
 [ 1.43677399e+01]
 [ 1.40837399e+01]
 [ 9.85476689e+00]
 [ 1.30099209e+01]
 [ 1.53821829e+01]
 [ 1.59879189e+01]
 [ 8.45462689e+00]
 [ 1.38208629e+01]
 [ 1.33531369e+01]
 [ 1.47516059e+01]
 [ 1.26594719e+01]
 [ 7.86835689e+00]
 [ 1.55060349e+01]
 [ 1.24810799e+01]
 [ 1.35122249e+01]
 [ 1.43049249e+01]
 [ 1.59901899e+01]
 [ 1.58084859e+01]
 [ 1.63251309e+01]
 [ 1.59462139e+01]
 [ 1.39894869e+01]
 [ 7.32625689e+00]
 [ 1.34890269e+01]
 [ 1.35935779e+01]
 [ 1.38865749e+01]
 [ 1.25494469e+01]
 [ 1.28159679e+01]
 [ 1.35979669e+01]
 [ 1.35100359e+01]
 [ 2.17660986e+00]
 [ 2.17176986e+00]
 [-3.68027914e+00]
 [-5.74672614e+00]
 [-1.46629101e+01]
 [ 4.99004986e+00]
 [-1.63084701e+01]
 [-2.62957801e+01]
 [-2.27575801e+01]
 [-3.97700801e+01]
 [-1.74196201e+01]
 [ 1.49668299e+01]
 [-3.68105514e+00]
 [-2.10287701e+01]
 [-1.00913671e+01]
 [-2.24497801e+01]
 [-1.15950631e+01]
 [-1.76397901e+01]
 [-6.22270614e+00]
 [ 1.59019986e+00]
 [ 1.39799861e-01]
 [-9.40885214e+00]
 [-1.12035821e+01]
 [-1.37551701e+01]
 [-9.96091914e+00]
 [-7.07029714e+00]
 [-1.17615331e+01]
 [-1.00657571e+01]
 [-1.13881211e+01]
 [-6.38551314e+00]
 [-1.14649411e+01]
 [-4.97802914e+00]
 [-3.50899614e+00]
 [-7.86907114e+00]
 [-9.05377614e+00]
 [-7.24378514e+00]
 [-4.08780614e+00]
 [-1.19927231e+01]
 [-1.12361951e+01]
 [-6.44564214e+00]
 [-9.59786214e+00]
 [-1.96881401e+01]
 [-1.24376501e+01]
 [-7.64016114e+00]
 [-1.35642301e+01]
 [ 1.15264986e+00]
 [ 4.83266570e-01]
 [ 3.50318757e+00]
 [ 1.73480657e+00]
 [ 1.27360757e+00]
 [ 2.67002457e+00]
 [-1.59181343e+00]
 [ 5.22467857e+00]
 [ 4.20010757e+00]
 [ 8.64145700e-02]
 [ 9.27075700e-02]
 [ 3.38594570e-01]
 [-7.03153430e-01]
 [-3.23092143e+00]
 [ 1.36775157e+00]
 [ 9.89935700e-02]
 [-3.41495143e+00]
 [ 1.67646957e+00]
 [ 2.23079257e+00]
 [ 2.82729757e+00]
 [ 5.47990657e+00]
 [-1.05698143e+00]
 [ 3.56652570e-01]
 [-2.94012430e-01]
 [ 2.76920557e+00]
 [ 6.64780057e+00]
 [ 4.82265357e+00]
 [ 7.30332857e+00]
 [ 5.51357857e+00]
 [ 7.63122857e+00]
 [ 6.57326757e+00]
 [ 2.81701557e+00]
 [ 3.32265257e+00]
 [ 1.32887570e-01]
 [ 3.69460657e+00]
 [ 3.01976157e+00]
 [ 2.53504557e+00]
 [ 2.22209457e+00]
 [-6.92255143e+00]
 [-7.61339143e+00]
 [-1.18494243e+00]
 [-1.71343001e-03]
 [-2.94946643e+00]
 [-1.34777643e+00]
 [ 5.34175757e+00]
 [ 2.25706486e+01]
 [ 2.15483857e+00]
 [-2.70879118e+01]
 [-3.21793718e+01]
 [-4.33652218e+01]
 [-4.51961848e+01]
 [-4.83795988e+01]
 [-4.71078378e+01]
 [-3.98080038e+01]
 [-4.23493078e+01]
 [-4.16465758e+01]
 [-4.36698258e+01]
 [-4.54882578e+01]
 [-4.77553238e+01]
 [-4.79527518e+01]
 [-4.75065848e+01]
 [-4.49612398e+01]
 [-4.20842468e+01]
 [-4.33246948e+01]
 [-4.30586178e+01]
 [-4.45714528e+01]
 [-4.50697508e+01]
 [-4.78234548e+01]
 [-5.00612918e+01]
 [-4.89086048e+01]
 [-4.66290168e+01]
 [-4.48555848e+01]
 [-4.51149628e+01]
 [-4.87868998e+01]
 [-4.59715878e+01]
 [-4.69564128e+01]
 [-4.86621068e+01]
 [-4.54818958e+01]
 [-4.87149418e+01]
 [-4.63293258e+01]
 [-4.41575018e+01]
 [-4.33551358e+01]
 [-4.27893078e+01]
 [-4.24110718e+01]
 [-4.90295188e+01]
 [-4.59548618e+01]
 [-4.08561028e+01]
 [-4.31535378e+01]
 [-4.46985928e+01]
 [-4.33831128e+01]
 [-4.39046848e+01]
 [-4.35432948e+01]
 [-4.33926088e+01]
 [ 2.27582504e+00]
 [-3.04060296e+00]
 [ 2.35669870e+01]
 [ 8.14219704e+00]
 [-1.63513930e+01]
 [ 8.21123704e+00]
 [ 1.89711370e+01]
 [ 1.54789770e+01]
 [ 5.60260395e-02]
 [-5.58267296e+00]
 [-2.14325496e+00]
 [ 1.61931104e+00]
 [-8.51727961e-01]
 [ 2.69700504e+00]
 [-2.27643961e-01]
 [ 1.84696304e+00]
 [-2.10816496e+00]
 [ 5.76402604e+00]
 [ 2.95735104e+00]
 [ 3.20758004e+00]
 [ 4.12871404e+00]
 [ 4.11847204e+00]
 [ 6.71873039e-01]
 [ 3.14198104e+00]
 [ 4.53046039e-01]
 [ 2.75914204e+00]
 [ 8.65711039e-01]
 [-1.30023696e+00]
 [-2.36186796e+00]
 [ 1.03765404e+00]
 [ 7.23689039e-01]
 [-2.11405696e+00]
 [ 1.72188404e+00]
 [-1.14551896e+00]
 [ 6.28230039e-01]
 [ 1.39220204e+00]
 [ 1.99507004e+00]
 [ 3.90164104e+00]
 [-6.83584961e-01]
 [ 3.23414604e+00]
 [ 4.06344104e+00]
 [ 3.16017904e+00]
 [-9.94847961e-01]
 [ 2.83829039e-01]
 [-3.21304961e-01]
 [-4.40738961e-01]
 [-1.43249071e+00]
 [ 2.49846629e+00]
 [ 4.21295029e+00]
 [ 1.12741285e-01]
 [-1.06710967e+01]
 [-1.56539471e+00]
 [-2.52995071e+00]
 [-2.47547149e-02]
 [-1.75411771e+00]
 [-3.25884471e+00]
 [-4.65067671e+00]
 [-2.96842971e+00]
 [-1.11064971e+00]
 [ 2.08721229e+00]
 [-1.30802071e+00]
 [ 5.88420829e+00]
 [-1.48748715e-01]
 [ 4.36355629e+00]
 [ 5.69833529e+00]
 [ 1.22020529e+00]
 [ 4.54446329e+00]
 [-2.28007371e+00]
 [ 1.00921285e-01]
 [-2.78805715e-01]
 [-2.66752671e+00]
 [-2.71129871e+00]
 [ 1.60999029e+00]
 [ 1.94492429e+00]
 [ 4.38127629e+00]
 [ 4.14007229e+00]
 [-1.56775171e+00]
 [-2.80256715e-01]
 [-2.47043971e+00]
 [-4.87549715e-01]
 [-9.27283715e-01]
 [ 1.07875929e+00]
 [ 4.25482629e+00]
 [-5.37931671e+00]
 [-8.45833671e+00]
 [ 7.65242285e-01]
 [-1.56049171e+00]
 [-4.45224671e+00]
 [-4.45356715e-01]
 [ 1.67218929e+00]
 [-1.23805171e+00]
 [-1.01708371e+00]
 [-2.60282756e+00]
 [-7.80481256e+00]
 [-9.15067256e+00]
 [-4.52531356e+00]
 [-5.27350056e+00]
 [-9.60105256e+00]
 [-4.16819256e+00]
 [-9.19400256e+00]
 [ 3.32245744e+00]
 [-5.72642156e+00]
 [-1.62309826e+01]
 [-8.34238256e+00]
 [-5.63008656e+00]
 [-4.82751356e+00]
 [-5.37631556e+00]
 [-4.57308656e+00]
 [-5.35410656e+00]
 [-3.12877556e+00]
 [-2.45329956e+00]
 [-3.40216356e+00]
 [-1.28417226e+01]
 [-5.34604056e+00]
 [-4.43563256e+00]
 [-6.60380256e+00]
 [-4.81997956e+00]
 [-4.38327756e+00]
 [-2.83869956e+00]
 [-2.59985656e+00]
 [-1.87307656e+00]
 [-1.77212756e+00]
 [-5.14368558e-01]
 [-1.92059926e+01]
 [ 3.25269944e+00]
 [-1.27518856e+00]
 [-1.92929256e+00]
 [-1.50958556e+00]
 [-2.91614558e-01]
 [ 5.96321442e-01]
 [-1.05460526e+01]
 [-6.26908156e+00]
 [-5.07780056e+00]
 [-3.50468456e+00]
 [-4.27698856e+00]
 [-3.21633856e+00]
 [-3.41557756e+00]
 [-2.35220256e+00]
 [ 3.61895328e+00]
 [ 2.97273828e+00]
 [ 5.28537328e+00]
 [ 1.90295528e+00]
 [-5.61463872e+00]
 [ 5.14778328e+00]
 [ 1.33735128e+00]
 [ 2.38185282e-01]
 [ 2.93339328e+00]
 [ 1.02612028e+00]
 [ 5.26397282e-01]
 [-4.72554718e-01]
 [-1.63475718e-01]
 [ 1.34608328e+00]
 [-7.44095672e+00]
 [-5.17511172e+00]
 [-1.22377472e+00]
 [ 3.52201328e+00]
 [ 2.64389428e+00]
 [ 2.59282028e+00]
 [ 3.12976028e+00]
 [ 2.46941128e+00]
 [ 3.47923628e+00]
 [ 2.79633528e+00]
 [ 3.41337828e+00]
 [ 3.58699328e+00]
 [ 9.07035282e-01]
 [-1.37751267e+01]
 [-2.78094718e-01]
 [ 2.44316128e+00]
 [-5.89803172e+00]
 [-1.02471872e+00]
 [-6.27207718e-01]
 [ 3.67731282e-01]
 [-1.08356772e+00]
 [-8.30859718e-01]
 [-1.16920718e-01]
 [-1.58393672e+00]
 [-7.92923672e+00]
 [ 1.00914028e+00]
 [-1.12179372e+00]
 [-9.42252718e-01]
 [-1.72198372e+00]
 [-4.08984718e-01]
 [-1.38770072e+00]
 [-2.19585572e+00]
 [-2.03911472e+01]
 [-2.29669432e+01]
 [-2.68187932e+01]
 [-1.00714232e+01]
 [-2.73684032e+01]
 [-1.36879282e+01]
 [-2.41126232e+01]
 [-2.27387432e+01]
 [-1.74439932e+01]
 [-1.88628232e+01]
 [-1.87837452e+01]
 [-2.45739532e+01]
 [-1.84986912e+01]
 [-2.54608932e+01]
 [-1.92392722e+01]
 [-1.65204542e+01]
 [-2.03336492e+01]
 [-2.05136352e+01]
 [-1.74564482e+01]
 [-2.40053332e+01]
 [-2.04459462e+01]
 [-2.03599072e+01]
 [-1.63603962e+01]
 [-2.52947632e+01]
 [-1.24142332e+01]
 [-1.64152062e+01]
 [-2.62787332e+01]
 [-1.94562282e+01]
 [-1.45212082e+01]
 [-2.26644432e+01]
 [-2.02252362e+01]
 [-2.15690292e+01]
 [-1.62557802e+01]
 [-1.64866092e+01]
 [-1.32646112e+01]
 [-3.36493316e+00]
 [-1.94161962e+01]
 [-2.11540662e+01]
 [-2.32761132e+01]
 [-1.74603362e+01]
 [-1.75299662e+01]
 [-1.64389552e+01]
 [-1.61437742e+01]
 [-1.66544892e+01]
 [-2.08340372e+01]
 [-2.02340342e+01]
 [ 1.09712598e+00]
 [-2.06253102e+00]
 [-9.40457021e-01]
 [ 1.09628198e+00]
 [ 3.05845398e+00]
 [ 6.31301198e+00]
 [ 1.55939998e+00]
 [-2.26710502e+00]
 [ 2.94018979e-01]
 [-8.57603021e-01]
 [-6.24319802e+00]
 [ 4.45760398e+00]
 [-3.11319802e+00]
 [ 1.91861798e+00]
 [ 1.50788398e+00]
 [ 4.77133798e+00]
 [-4.82476802e+00]
 [ 7.37547198e+00]
 [-1.65356502e+00]
 [-1.08795602e+00]
 [ 2.71631998e+00]
 [-6.59750802e+00]
 [-5.24035802e+00]
 [ 6.08823198e+00]
 [-9.90521802e+00]
 [ 7.87311198e+00]
 [-6.06046802e+00]
 [ 2.73878498e+00]
 [-3.41843502e+00]
 [-2.58689502e+00]
 [ 2.82019898e+00]
 [-1.37831802e+00]
 [ 1.46139398e+00]
 [ 2.97249979e-01]
 [-1.20812802e+00]
 [ 3.07486398e+00]
 [-9.68174021e-01]
 [ 1.42350998e+00]
 [-2.56011021e-01]
 [-6.84050021e-01]
 [ 7.45928979e-01]
 [-1.48980702e+00]
 [ 3.56559791e-02]
 [-1.83027402e+00]
 [ 4.97339791e-02]
 [-3.27732402e+00]
 [ 2.85887487e+00]
 [ 4.19252487e+00]
 [ 6.87369587e+00]
 [ 5.06685687e+00]
 [-2.65826313e+00]
 [ 2.22886956e-03]
 [-4.86292313e+00]
 [-6.08514130e-01]
 [ 1.26522187e+00]
 [ 3.57699870e-01]
 [ 3.72807987e+00]
 [ 3.53586956e-03]
 [ 2.56559587e+00]
 [ 3.86642587e+00]
 [ 6.88077870e-01]
 [ 1.77921687e+00]
 [-5.23769313e+00]
 [ 1.07744787e+00]
 [-4.00662130e-01]
 [-2.76943130e-01]
 [-2.56913313e+00]
 [ 3.39914870e-01]
 [ 5.60624487e+00]
 [ 4.28980787e+00]
 [ 3.65063387e+00]
 [ 2.43137187e+00]
 [ 2.08181387e+00]
 [ 1.39528870e-01]
 [ 4.26715687e+00]
 [ 1.36285587e+00]
 [ 2.87106287e+00]
 [ 4.13400887e+00]
 [ 3.61368687e+00]
 [ 2.34304687e+00]
 [ 2.39232287e+00]
 [ 1.64632987e+00]
 [ 2.83383487e+00]
 [-2.47211313e+00]
 [ 9.89481870e-01]
 [ 3.55738696e-02]
 [ 1.76921487e+00]
 [ 1.57283387e+00]
 [ 1.09142687e+00]
 [ 2.61840787e+00]
 [ 3.50771187e+00]
 [ 2.54487387e+00]
 [ 4.59480502e+00]
 [ 3.51077202e+00]
 [ 7.70706302e+00]
 [ 1.54824790e+01]
 [ 1.13679902e+00]
 [ 6.49950302e+00]
 [ 9.65853002e+00]
 [-6.54875098e+00]
 [-2.51887510e+01]
 [ 5.90178102e+00]
 [ 6.65333902e+00]
 [ 4.73689024e-01]
 [ 5.90326102e+00]
 [-2.76040976e-01]
 [-2.79180098e+00]
 [ 2.72739024e-01]
 [ 5.83699024e-01]
 [-1.11597510e+01]
 [-4.07560976e-01]
 [ 1.19698902e+00]
 [ 1.09933902e+00]
 [ 1.67551602e+00]
 [ 8.98909024e-01]
 [ 4.62766102e+00]
 [ 7.20195702e+00]
 [ 7.63431702e+00]
 [ 5.25670002e+00]
 [ 5.00173002e+00]
 [ 8.32601902e+00]
 [ 5.39163902e+00]
 [ 4.25089302e+00]
 [ 2.04398802e+00]
 [ 3.81078202e+00]
 [ 6.60222002e+00]
 [ 5.57244702e+00]
 [ 5.09491402e+00]
 [ 6.36640102e+00]
 [ 4.72576602e+00]
 [-2.00262098e+00]
 [ 5.70014802e+00]
 [ 7.60673502e+00]
 [ 7.78618602e+00]
 [ 6.21714302e+00]
 [ 6.07550902e+00]
 [ 6.05865802e+00]
 [ 5.94880802e+00]
 [ 2.17223513e+00]
 [ 1.83038313e+00]
 [ 1.03274613e+00]
 [ 4.22812127e-01]
 [ 1.45182013e+00]
 [ 2.32533613e+00]
 [ 6.60552127e-01]
 [ 3.69117127e-01]
 [ 8.72295127e-01]
 [ 1.06440313e+00]
 [-1.90194887e+00]
 [-3.26487987e+00]
 [ 4.72556127e-01]
 [ 2.55223013e+00]
 [ 2.05310313e+00]
 [ 5.42111127e-01]
 [-1.74683787e+00]
 [-3.75556487e+00]
 [-2.46192987e+00]
 [-1.56777587e+00]
 [-4.15540873e-01]
 [ 7.41881268e-02]
 [-6.54902873e-01]
 [ 1.55523913e+00]
 [ 6.53736127e-01]
 [ 1.52778013e+00]
 [ 1.78447013e+00]
 [-8.75817873e-01]
 [-1.48690687e+00]
 [-2.94929873e-01]
 [-1.41488687e+00]
 [-2.06250587e+00]
 [-2.58037287e+00]
 [ 4.58823127e-01]
 [-8.75493873e-01]
 [-1.10512287e+00]
 [-5.15159873e-01]
 [-3.01942287e+00]
 [-5.19125487e+00]
 [-2.80855187e+00]
 [-2.52827987e+00]
 [-7.78587873e-01]
 [-2.45582587e+00]
 [-1.52509787e+00]
 [-1.53011687e+00]
 [-2.40874987e+00]
 [ 1.61325185e+00]
 [ 1.95828485e+00]
 [ 8.20914285e+00]
 [ 4.68507085e+00]
 [ 5.35629485e+00]
 [ 6.30106885e+00]
 [ 5.09257685e+00]
 [ 9.19341285e+00]
 [ 4.90331485e+00]
 [ 1.13605788e+01]
 [ 9.06564285e+00]
 [ 7.68236585e+00]
 [ 7.92325685e+00]
 [ 6.21008485e+00]
 [ 8.73699385e+00]
 [ 6.64653285e+00]
 [ 7.59722185e+00]
 [ 8.77015785e+00]
 [ 6.10464785e+00]
 [ 5.60346585e+00]
 [ 6.20644685e+00]
 [ 8.85077685e+00]
 [ 2.90262685e+00]
 [ 4.88229485e+00]
 [ 6.10748785e+00]
 [ 5.99145985e+00]
 [ 2.15927485e+00]
 [ 3.69511285e+00]
 [ 4.80501185e+00]
 [ 5.40496685e+00]
 [ 3.12736285e+00]
 [ 4.36930885e+00]
 [ 5.99119985e+00]
 [ 8.51344985e+00]
 [ 8.81218285e+00]
 [ 7.32242085e+00]
 [ 5.97769585e+00]
 [ 2.84628385e+00]
 [ 3.97653785e+00]
 [ 2.75157085e+00]
 [ 3.89328185e+00]
 [ 4.65191185e+00]
 [ 5.54133585e+00]
 [ 5.81958685e+00]
 [ 5.87602585e+00]
 [ 6.67161485e+00]
 [ 1.46225938e+00]
 [-3.57106562e+00]
 [-2.78956862e+00]
 [-5.70555862e+00]
 [-6.41295962e+00]
 [-6.48941762e+00]
 [-7.05985262e+00]
 [ 1.63876538e+00]
 [-3.63912762e+00]
 [ 4.93060138e+00]
 [ 1.05293038e+00]
 [-2.80542262e+00]
 [-1.26452386e+01]
 [-5.44440462e+00]
 [-3.21164462e+00]
 [-4.58609062e+00]
 [-9.96293862e+00]
 [-2.15336786e+01]
 [-6.59163162e+00]
 [-5.48856172e-02]
 [ 1.26512738e+00]
 [ 4.78023828e-02]
 [-2.69813462e+00]
 [-5.30373162e+00]
 [-6.40219962e+00]
 [-4.07417562e+00]
 [-1.69288862e+00]
 [-8.12377617e-01]
 [-4.23667162e+00]
 [-5.43850562e+00]
 [-7.57960562e+00]
 [-5.92472862e+00]
 [-3.94838262e+00]
 [-6.31798617e-01]
 [-9.62599617e-01]
 [ 4.98587383e-01]
 [ 3.83011138e+00]
 [ 1.70177638e+00]
 [-6.91088662e+00]
 [-2.32588562e+00]
 [ 3.15975138e+00]
 [ 1.62494938e+00]
 [-1.25044162e+00]
 [-3.08726562e+00]
 [-2.57811362e+00]
 [-3.16528662e+00]
 [ 3.05386176e+00]
 [ 1.94085676e+00]
 [ 4.74025676e+00]
 [ 7.85015676e+00]
 [ 2.76418476e+00]
 [-8.95672371e-02]
 [-1.18761424e+00]
 [-4.17917824e+00]
 [ 2.55407276e+00]
 [ 4.40665676e+00]
 [ 4.01536376e+00]
 [-1.75939824e+00]
 [-1.19447782e+01]
 [ 2.07160876e+00]
 [ 5.24453763e-01]
 [ 7.88928376e+00]
 [ 8.18946776e+00]
 [-1.09779482e+01]
 [-1.38486782e+01]
 [-6.51923824e+00]
 [ 6.82580763e-01]
 [-2.07718824e+00]
 [ 3.70689876e+00]
 [ 1.07716918e+01]
 [ 5.87471676e+00]
 [ 1.26229476e+00]
 [ 4.94014576e+00]
 [-1.92821824e+00]
 [-4.17672371e-02]
 [ 1.15769276e+00]
 [-9.18786237e-01]
 [ 3.91685076e+00]
 [ 2.62834476e+00]
 [ 3.42152476e+00]
 [ 4.74838176e+00]
 [ 5.99222076e+00]
 [ 6.98170976e+00]
 [ 7.58988976e+00]
 [-4.40854237e-01]
 [ 6.79578076e+00]
 [ 4.79051376e+00]
 [ 4.60304676e+00]
 [ 4.31583976e+00]
 [ 8.39344763e-01]
 [ 1.71469176e+00]
 [ 2.41463076e+00]
 [ 7.27298903e+00]
 [ 7.29114903e+00]
 [ 1.07650050e+01]
 [ 5.40247303e+00]
 [ 7.40913203e+00]
 [ 1.06509890e+01]
 [ 7.44641403e+00]
 [ 7.01646103e+00]
 [ 7.48403403e+00]
 [ 6.99326903e+00]
 [ 5.26762703e+00]
 [ 5.46368603e+00]
 [ 3.71897403e+00]
 [-5.47932197e+00]
 [-5.46225197e+00]
 [ 5.26114103e+00]
 [ 6.15599303e+00]
 [ 8.59690203e+00]
 [ 8.04966903e+00]
 [ 4.88132403e+00]
 [ 1.26602803e+00]
 [ 2.18196103e+00]
 [ 3.96066503e+00]
 [ 6.23198103e+00]
 [ 6.52305003e+00]
 [ 7.69023103e+00]
 [ 7.02972003e+00]
 [ 1.26763803e+00]
 [ 4.92627403e+00]
 [ 6.25558003e+00]
 [ 4.73834503e+00]
 [ 5.49026103e+00]
 [ 6.81472703e+00]
 [ 8.54198203e+00]
 [ 6.62202603e+00]
 [ 7.08731803e+00]
 [ 8.46102003e+00]
 [ 5.99711503e+00]
 [ 2.99269003e+00]
 [ 9.47662303e+00]
 [ 5.50411003e+00]
 [ 8.52817703e+00]
 [ 8.90838203e+00]
 [ 7.98965703e+00]
 [ 7.91090703e+00]
 [ 8.72007303e+00]
 [ 4.40496998e+00]
 [ 5.78901398e+00]
 [ 8.97398798e+00]
 [-1.08382202e+00]
 [-6.57431202e+00]
 [ 4.67354898e+00]
 [ 3.37591498e+00]
 [ 5.89283985e-01]
 [ 3.41225498e+00]
 [ 2.36265798e+00]
 [-6.08579015e-01]
 [-9.13070150e-02]
 [-2.39979202e+00]
 [-4.10666202e+00]
 [ 5.80757985e-01]
 [ 1.91427398e+00]
 [ 4.15471198e+00]
 [ 5.26242598e+00]
 [ 4.21395698e+00]
 [ 1.72384098e+00]
 [ 2.14152398e+00]
 [-1.13720502e+00]
 [-4.26996202e+00]
 [-1.26184402e+00]
 [ 2.05609798e+00]
 [ 1.27000098e+00]
 [ 2.19952798e+00]
 [ 2.56508998e+00]
 [ 1.66153098e+00]
 [ 1.56081198e+00]
 [-2.83377015e-01]
 [-1.45788602e+00]
 [-3.16089202e+00]
 [-4.15099015e-01]
 [-1.45989802e+00]
 [-6.73628015e-01]
 [ 2.65319985e-01]
 [-2.02741002e+00]
 [-5.20478202e+00]
 [-3.27991015e-01]
 [-4.05353202e+00]
 [-6.25494202e+00]
 [-3.35684202e+00]
 [-1.33349402e+00]
 [-4.04615015e-01]
 [-6.07267015e-01]
 [ 3.68769273e+00]
 [ 2.74411973e+00]
 [ 5.91913973e+00]
 [ 3.89087573e+00]
 [ 3.67221726e-01]
 [ 2.19856317e+01]
 [ 4.47516073e+00]
 [ 1.16318927e+01]
 [ 1.43509617e+01]
 [ 1.14326637e+01]
 [ 7.91725073e+00]
 [ 4.29189773e+00]
 [ 8.46140173e+00]
 [-1.75971827e+00]
 [ 6.88379973e+00]
 [ 7.95318873e+00]
 [ 2.45701173e+00]
 [ 6.97987673e+00]
 [ 2.44452173e+00]
 [ 8.17617261e-02]
 [-3.33282739e-02]
 [ 8.35377673e+00]
 [-5.62763827e+00]
 [-4.77670483e+01]
 [ 3.77051317e+01]
 [ 1.52267517e+01]
 [ 1.63308017e+01]
 [ 1.13397207e+01]
 [ 6.80342973e+00]
 [ 1.08519597e+01]
 [ 1.09656337e+01]
 [ 1.56731217e+01]
 [ 4.68342373e+00]
 [ 9.92872773e+00]
 [ 1.18589677e+01]
 [ 1.17081277e+01]
 [ 1.01143387e+01]
 [ 1.36422917e+01]
 [ 8.72931473e+00]
 [ 9.81569073e+00]
 [ 1.04981587e+01]
 [ 1.11267807e+01]
 [ 7.13992473e+00]
 [ 1.01056277e+01]
 [ 1.13490287e+01]
 [ 8.46236673e+00]
 [-6.25245340e+00]
 [ 2.71205603e-01]
 [-1.16952434e+01]
 [-1.91122740e+00]
 [ 1.42365960e+00]
 [ 2.80850060e+00]
 [-8.79491340e+00]
 [-1.00659334e+01]
 [ 8.89682603e-01]
 [-9.42265340e+00]
 [-1.04248740e+00]
 [ 1.73106160e+00]
 [-1.14383934e+01]
 [-2.36623940e+00]
 [-2.82853240e+00]
 [-2.99866340e+00]
 [-1.76283970e-02]
 [-6.70443340e+00]
 [-2.13414740e+00]
 [-6.78764340e+00]
 [-3.55617840e+00]
 [-4.86935640e+00]
 [-4.81122340e+00]
 [-6.12933340e+00]
 [-7.48530397e-01]
 [-4.09987840e+00]
 [-2.98797040e+00]
 [-2.13330397e-01]
 [ 2.47839603e-01]
 [-2.92536440e+00]
 [-1.53108740e+00]
 [-5.45719940e+00]
 [ 5.71224603e-01]
 [-2.41231397e-01]
 [-4.89396397e-01]
 [-3.65043340e+00]
 [-1.17351840e+00]
 [-2.42947940e+00]
 [-3.68882740e+00]
 [-1.93264040e+00]
 [-4.35088540e+00]
 [-1.70082340e+00]
 [-2.65653140e+00]
 [-2.03692040e+00]
 [ 3.44904603e-01]
 [ 6.29814603e-01]
 [ 6.11131326e+00]
 [ 7.55666326e+00]
 [ 5.15802326e+00]
 [ 4.97960259e-01]
 [-1.36092174e+00]
 [ 1.46679226e+00]
 [ 1.51622526e+00]
 [ 2.73325926e+00]
 [ 3.44963026e+00]
 [ 4.05684326e+00]
 [ 4.71391326e+00]
 [ 1.20252726e+00]
 [ 2.57055726e+00]
 [ 2.83062626e+00]
 [-6.65696674e+00]
 [-4.64229274e+00]
 [ 4.78695326e+00]
 [ 5.14526326e+00]
 [ 4.21325326e+00]
 [ 4.07428326e+00]
 [ 7.17149259e-01]
 [ 1.11767426e+00]
 [ 5.56746326e+00]
 [ 4.95553326e+00]
 [ 1.05811926e+00]
 [ 1.56200726e+00]
 [ 2.32119126e+00]
 [-8.19515674e+00]
 [ 1.25277259e-01]
 [ 2.92761726e+00]
 [-6.92221674e+00]
 [-1.75823974e+00]
 [-1.53459874e+00]
 [ 3.57924826e+00]
 [ 1.51923026e+00]
 [ 2.89026926e+00]
 [ 3.14160026e+00]
 [-4.18230674e+00]
 [-6.57331674e+00]
 [ 9.27045326e+00]
 [ 3.80746259e-01]
 [-1.88662874e+00]
 [-8.58839741e-01]
 [-2.08603974e+00]
 [-3.72886874e+00]
 [-3.57290574e+00]
 [ 2.09249218e+00]
 [-5.31715818e-01]
 [ 2.38552018e+00]
 [ 3.92457618e+00]
 [-4.91029818e-01]
 [ 6.34261825e-02]
 [-2.28051782e+00]
 [ 8.28071182e-01]
 [ 1.60402618e+00]
 [ 4.43410718e+00]
 [ 3.17425918e+00]
 [-2.56986782e+00]
 [-4.03301782e+00]
 [ 2.91263718e+00]
 [-3.39795782e+00]
 [-2.16864282e+00]
 [-8.57428175e-02]
 [ 2.01365518e+00]
 [ 2.08306182e-01]
 [-2.50426782e+00]
 [-3.20469782e+00]
 [-4.32353782e+00]
 [-9.52957818e-01]
 [ 1.04766518e+00]
 [ 9.29156182e-01]
 [ 2.12025018e+00]
 [ 4.60351182e-01]
 [-1.66911782e+00]
 [ 1.71630182e-01]
 [ 1.96806718e+00]
 [ 5.49017182e-01]
 [ 1.48131918e+00]
 [ 7.62600182e-01]
 [ 2.36809218e+00]
 [ 3.09063418e+00]
 [ 3.41718718e+00]
 [ 3.17398718e+00]
 [ 1.00457418e+00]
 [-3.72457782e+00]
 [ 8.53299182e-01]
 [ 1.09768718e+00]
 [ 2.68761825e-02]
 [ 2.98708182e-01]
 [-3.39469818e-01]
 [-9.06939818e-01]
 [-1.62111482e+00]
 [-6.34259415e+00]
 [-8.05997915e+00]
 [-5.92100148e-01]
 [-3.80366815e+00]
 [-1.52326615e+00]
 [-4.31439215e+00]
 [-2.54890915e+00]
 [-1.99566215e+00]
 [-1.24594215e+00]
 [-1.80347215e+00]
 [-1.94997415e+00]
 [-3.50800315e+00]
 [-2.83550815e+00]
 [-2.55035215e+00]
 [-2.65009315e+00]
 [-3.29395215e+00]
 [-5.92388815e+00]
 [-5.17681415e+00]
 [-5.35019815e+00]
 [-1.24950415e+00]
 [-3.04951215e+00]
 [-3.24950815e+00]
 [-7.49436148e-01]
 [-2.04958015e+00]
 [-2.14941415e+00]
 [-3.84953215e+00]
 [-1.24409915e+00]
 [-2.95107615e+00]
 [-3.34895915e+00]
 [-1.64946615e+00]
 [-9.19490915e+00]
 [-3.68482315e+00]
 [-1.70923015e+00]
 [-2.20443815e+00]
 [-1.40775115e+00]
 [ 1.87928517e-02]
 [-8.52673148e-01]
 [-1.69941115e+00]
 [-4.11058715e+00]
 [ 3.66459852e-01]
 [ 7.55238852e-01]
 [ 1.49507985e+00]
 [-4.25377615e+00]
 [-2.68879215e+00]
 [-2.64181615e+00]
 [-3.18066915e+00]
 [ 9.10574961e-01]
 [-6.40772904e+00]
 [-7.04544039e-01]
 [ 1.01085510e+01]
 [ 1.43767310e+01]
 [ 1.53284810e+01]
 [ 4.88711496e+00]
 [-7.26772904e+00]
 [-6.35533904e+00]
 [ 1.87570961e-01]
 [ 6.10082496e+00]
 [ 4.62192696e+00]
 [ 7.25762961e-01]
 [-6.34564904e+00]
 [-7.61777904e+00]
 [ 4.07707196e+00]
 [ 1.28841410e+01]
 [-1.66782904e+00]
 [ 7.59465496e+00]
 [-6.80678904e+00]
 [ 6.17417196e+00]
 [ 5.24112196e+00]
 [ 3.23200996e+00]
 [-3.30511039e-01]
 [ 4.66035296e+00]
 [ 4.58238596e+00]
 [ 9.23000096e+00]
 [ 2.97176496e+00]
 [ 1.76735696e+00]
 [ 5.00912896e+00]
 [ 5.16362096e+00]
 [ 5.09053496e+00]
 [ 6.39785296e+00]
 [ 2.54656796e+00]
 [ 6.15299896e+00]
 [ 8.72757096e+00]
 [ 1.01851710e+01]
 [ 6.46522396e+00]
 [ 1.90510896e+00]
 [ 2.13259596e+00]
 [-3.30446904e+00]
 [-8.15180039e-01]
 [ 3.05797196e+00]
 [ 1.34267296e+00]
 [ 3.56930596e+00]
 [ 3.36326096e+00]
 [-1.20812108e+00]
 [ 1.35971924e-01]
 [ 1.81521392e+00]
 [ 1.04542892e+00]
 [ 4.00095924e-01]
 [-1.09466208e+00]
 [-3.74902708e+00]
 [-4.01219076e-01]
 [ 1.68723692e+00]
 [-4.52796076e-01]
 [-1.69793708e+00]
 [-9.04102076e-01]
 [-2.52128076e-01]
 [ 2.07676792e+00]
 [ 7.60692387e-03]
 [ 5.38555924e-01]
 [ 1.20107592e+00]
 [ 4.06271924e-01]
 [ 5.02039924e-01]
 [-1.39809208e+00]
 [-3.29873708e+00]
 [-3.31135708e+00]
 [-4.21838708e+00]
 [ 1.93483492e+00]
 [ 1.87153992e+00]
 [-6.34906076e-01]
 [ 7.47715924e-01]
 [ 2.07402492e+00]
 [ 2.37738592e+00]
 [ 2.58251992e+00]
 [-5.89357076e-01]
 [-7.91900761e-02]
 [ 2.32972924e-01]
 [ 2.16776292e+00]
 [ 6.65562924e-01]
 [ 2.53535992e+00]
 [ 1.25218192e+00]
 [-2.70981708e+00]
 [-7.33742708e+00]
 [ 3.83615992e+00]
 [ 5.11640924e-01]
 [-2.43908708e+00]
 [-9.11562076e-01]
 [ 4.51559924e-01]
 [ 2.36920192e+00]
 [ 1.08217492e+00]
 [ 4.25772155e-01]
 [-1.91093845e-01]
 [ 5.76682815e+00]
 [-3.34884523e-03]
 [ 5.00803155e-01]
 [ 4.85720915e+00]
 [ 5.37386115e+00]
 [ 5.82614815e+00]
 [ 9.02165155e-01]
 [ 7.03939155e-01]
 [ 1.43726615e+00]
 [ 8.82747155e-01]
 [ 1.11460015e+00]
 [ 1.28282815e+00]
 [ 1.77638155e-01]
 [ 1.06422615e+00]
 [ 5.04934415e+00]
 [ 8.81850815e+00]
 [ 7.72090815e+00]
 [ 6.69755815e+00]
 [ 4.08865815e+00]
 [ 3.61378615e+00]
 [ 3.78144115e+00]
 [ 3.52730315e+00]
 [ 3.65066015e+00]
 [ 1.18277215e+00]
 [-7.22319185e+00]
 [-1.21033318e+01]
 [ 1.02696155e-01]
 [-1.39258452e-02]
 [-1.02535785e+00]
 [ 1.67927815e+00]
 [ 2.71972815e+00]
 [ 1.81968715e+00]
 [-2.81766845e-01]
 [ 4.98315155e-01]
 [ 9.65491155e-01]
 [-2.74393385e+00]
 [-5.16033185e+00]
 [ 3.04398915e+00]
 [-3.62964285e+00]
 [ 2.77318515e+00]
 [-1.78222185e+00]
 [-3.48518785e+00]
 [-1.44942785e+00]
 [-1.18691885e+00]
 [-9.95540415e+00]
 [-2.33024615e+00]
 [-6.11792015e+00]
 [-5.12255515e+00]
 [-7.51486315e+00]
 [-1.20069242e+01]
 [-2.99631915e+00]
 [ 1.09002585e+00]
 [-1.51231442e+01]
 [ 4.62155585e+00]
 [-1.32705942e+01]
 [-1.35378042e+01]
 [-1.53694142e+01]
 [-4.39984915e+00]
 [-4.39985215e+00]
 [-8.36890015e+00]
 [-9.44524215e+00]
 [-3.31303415e+00]
 [-5.89538215e+00]
 [-1.01990642e+01]
 [-1.06553742e+01]
 [-1.39360942e+01]
 [-2.50512042e+01]
 [ 5.02700585e+00]
 [-2.10957215e+00]
 [-1.11919215e+00]
 [ 4.42197585e+00]
 [-1.22552842e+01]
 [-7.47365315e+00]
 [-1.07388842e+01]
 [-1.15822142e+01]
 [-1.08775542e+01]
 [-5.00100615e+00]
 [-7.83633915e+00]
 [-8.77499715e+00]
 [-5.90299115e+00]
 [-7.66495015e+00]
 [-7.72992415e+00]
 [-6.44510715e+00]
 [-5.95972515e+00]
 [-5.07164015e+00]
 [-5.13506015e+00]
 [-5.98761115e+00]
 [-4.08367815e+00]
 [-4.57056215e+00]
 [-4.55725815e+00]
 [-2.74494349e-01]
 [-1.34235435e+00]
 [ 2.52415651e-01]
 [ 2.87256065e+00]
 [ 6.07412965e+00]
 [ 3.91268565e+00]
 [ 1.43267665e+00]
 [ 5.35120065e+00]
 [ 6.17633265e+00]
 [ 5.82061665e+00]
 [ 1.53677565e+00]
 [-9.78065435e+00]
 [-1.02971843e+01]
 [-1.16540435e+00]
 [ 1.44375165e+00]
 [ 8.78702365e+00]
 [ 7.97035265e+00]
 [ 1.45815265e+00]
 [ 1.08111665e+00]
 [ 2.74563651e-01]
 [ 3.51602465e+00]
 [ 7.90880365e+00]
 [ 2.63476165e+00]
 [ 7.25855865e+00]
 [-1.47038435e+00]
 [ 5.55517365e+00]
 [ 8.52489865e+00]
 [ 4.49610565e+00]
 [-1.96199435e+00]
 [-1.95271435e+00]
 [-3.86691435e+00]
 [-7.75479435e+00]
 [ 7.82499651e-01]
 [ 4.98137565e+00]
 [ 7.43734765e+00]
 [ 4.07579265e+00]
 [ 6.51872665e+00]
 [ 7.15336065e+00]
 [ 4.22070965e+00]
 [ 7.78062565e+00]
 [ 5.13934865e+00]
 [ 3.51539465e+00]
 [ 4.61475465e+00]
 [ 3.21600665e+00]
 [ 3.47956651e-01]
 [ 1.66701365e+00]]