AIC:
{'Freq': array([ 0,  0, 14,  1,  0]), 'RMSE_NP': array([0.49500714, 0.5295628 , 0.50880766, 0.51716327, 0.53096202,
       0.51741966, 0.53849934, 0.51154976, 0.53158175, 0.52052813,
       0.50568548, 0.50344707, 0.53695896, 0.52330609, 0.50042353]), 'Oracle_RMSE': array([0.2587267 , 0.27408509, 0.26789576, 0.26337244, 0.28066732,
       0.27855538, 0.29094861, 0.27941585, 0.24164871, 0.28221372,
       0.27262542, 0.29201085, 0.2903815 , 0.3046266 , 0.26158396]), 'RMSE': array([0.29443676, 0.32632853, 0.30149339, 0.35096766, 0.3376934 ,
       0.30565957, 0.37423785, 0.31775177, 0.2728788 , 0.34966517,
       0.32679624, 0.30478597, 0.35369323, 0.34965898, 0.28326474]), 'Purity': array([0.98, 0.9 , 0.94, 0.84, 0.9 , 0.96, 0.78, 0.94, 0.96, 0.88, 0.92,
       0.98, 0.88, 0.9 , 0.96]), 'NMI': array([0.83134807, 0.75125243, 0.84731698, 0.73653107, 0.75264205,
       0.85959674, 0.70005979, 0.81560073, 0.88349065, 0.76995889,
       0.78109227, 0.92911351, 0.76995889, 0.79343001, 0.85959674])}

BIC:
{'Freq': array([ 0,  5, 10,  0,  0]), 'RMSE_NP': array([0.49500714, 0.5295628 , 0.50880766, 0.51716327, 0.53096202,
       0.51741966, 0.53849934, 0.51154976, 0.53158175, 0.52052813,
       0.50568548, 0.50344707, 0.53695896, 0.52330609, 0.50042353]), 'Oracle_RMSE': array([0.2587267 , 0.27408509, 0.26789576, 0.26337244, 0.28066732,
       0.27855538, 0.29094861, 0.27941585, 0.24164871, 0.28221372,
       0.27262542, 0.29201085, 0.2903815 , 0.3046266 , 0.26158396]), 'RMSE': array([0.39904146, 0.32632853, 0.30149339, 0.40703611, 0.3376934 ,
       0.30565957, 0.41087307, 0.31775177, 0.2728788 , 0.40819211,
       0.32679624, 0.30478597, 0.42234867, 0.34965898, 0.28326474]), 'Purity': array([0.7 , 0.9 , 0.94, 0.7 , 0.9 , 0.96, 0.7 , 0.94, 0.96, 0.7 , 0.92,
       0.98, 0.7 , 0.9 , 0.96]), 'NMI': array([0.71876355, 0.75125243, 0.84731698, 0.71876355, 0.75264205,
       0.85959674, 0.71876355, 0.81560073, 0.88349065, 0.71876355,
       0.78109227, 0.92911351, 0.71876355, 0.79343001, 0.85959674])}

