For each fold out of the k_fold number we consider for each element in the test set the error between actual and fitted and compute the sum for each fold of the squared errors :
[4.74393885e+09 1.01587862e+07 1.02180054e+10 7.69239132e+05
 2.78657914e+06 1.93726683e+10 7.07615791e+07 5.83683101e+07
 2.38973021e+06 1.66061073e+09 1.07902966e+05 1.53271320e+05
 4.29815374e+07 4.28428715e+05 4.68662904e+05 1.83308640e+05
 4.51631849e+06 3.82620796e+06 7.24484572e+06 4.15838450e+06
 9.78731579e+06 2.60557878e+08 1.15110638e+06 2.31755367e+10
 1.62193731e+09 3.63736594e+06 6.70529371e+10 9.57866855e+06
 2.72845857e+09 1.72798110e+06 9.54097943e+05 8.11617343e+07
 5.52148313e+06 3.21201213e+06 1.07148528e+06 1.11870636e+06
 2.42883326e+07 3.41688777e+05 1.97006935e+07 1.53800587e+06
 2.42580363e+07 4.35042598e+07 9.36533545e+05 1.66107563e+07
 3.89533486e+10 2.49550774e+09]
[8.11994383e+04 6.70145582e+03 6.56774946e+03 1.44446442e+04
 3.60001365e+03 6.84273106e+03 1.84373115e+03 1.95947986e+03
 2.69614116e+03 1.54278911e+04 3.64687206e+03 3.30110953e+03
 3.57883246e+04 2.36331414e+03 4.07892066e+03 3.05734740e+03
 1.69512447e+03 5.09777385e+04 1.51742927e+03 7.23047362e+03
 2.38292664e+03 6.00800165e+02 2.37821891e+03 2.20406188e+04
 3.07474913e+03 1.13710028e+03 6.71547482e+02 5.64272612e+03
 8.23634065e+02 2.30065056e+03 1.41385080e+03 2.62633825e+03
 1.00199565e+03 4.22087756e+02 2.13595339e+02 1.62580584e+03
 5.12359975e+02 1.04081791e+03 2.53770043e+03 3.47323516e+02
 3.51107000e+02 5.53393399e+02 2.08844818e+03 1.04725857e+02
 2.77046549e+03 2.48321390e+05]
[104341.1806166    2359.90994252   2011.97492085  10958.33101521
   4060.4629005    3523.77995443   1775.86414506   1084.10343721
   2304.59217545   6763.28379405   1510.74345589   2311.19787026
  10149.57770461   1870.81305133    659.37430717    667.82756493
   1242.13068065  17209.05807063   1342.32319204   1929.40252884
    743.99594265    442.84298704    759.56206971  11287.33614931
   1842.03411077    992.04447203    559.53783092   1004.22917676
    628.87491617    253.35938586    416.68446648    572.35376017
    416.69768074    323.30765393    164.43284675    616.90716023
    462.47573193    546.94122651   1136.9357866     295.95506286
    279.16173267    389.32214265    238.56385362    158.17713463
    751.87586049   2859.23006303]
[3978.24334824 1838.18380208 1741.94612953 8712.30974059 2532.60179073
 2643.146341   1270.37470737  788.60177043 2132.70832949 6586.60333532
  836.32391197 1688.32892023  922.56571317 1309.25324976  478.28579005
  836.61141642 1004.97636583 2456.20403007 1024.61140321 1993.81811373
  619.47090536  429.91462083  488.47477318 8758.90733959 1737.36607569
  856.65562325  583.17492126  970.48300334  480.05276883  237.24678069
  231.24209154  506.66698992  376.81684119  286.00481357  213.91458947
  505.20815753  405.17800539  475.32044781  745.87893673  272.31416319
  240.64561729  389.03032304  125.58822263  138.37871385  555.84646092
 1202.44678266]
[ 2334.58783604  1599.91938135  1853.801003    6407.10468822
  2292.35506124  2412.33033579  1276.87589517   976.35980275
  1966.92702772  6702.84472312   821.94316694  1630.50499911
   895.23548458   820.61786438   490.54311129   801.00075124
   930.71253477  1168.0598955    769.63846229  2151.92429452
   570.67354515   401.6619834    393.20074181 10169.63468828
  1689.85555138   709.6017563    580.94620592   890.39239804
   411.04827283   237.46167949   241.52437925   549.69370352
   319.3093503    239.61856273   222.14778017   503.88055478
   350.11836235   414.89295319   636.72014151   260.68137472
   209.6920443    392.24265319    61.91090378   118.7193172
   497.6571999    918.5046472 ]
[ 2157.12416211  1368.19621574  1881.38411151  5023.23285538
  2133.71348173  2271.17619918  1276.31492459  1044.5899963
  1768.26885072  6628.81748438   883.61128083  1691.45151379
   797.68969238   565.50703831   508.40941655   743.66303663
   891.26187284  1024.76860458   691.69905666  2258.77864918
   520.48900081   374.6260432    383.80772477 16930.58004637
  1492.03465891   635.91620172   561.11887149   857.038094
   458.50062801   224.6304744    227.1484681    520.55069749
   343.72131281   243.55382866   212.85661492   503.91311895
   316.42548296   389.33751994   589.03285201   254.36102923
   196.10924683   381.85724931    49.83234716   111.97092987
   576.68929527   861.49351824]
[ 1757.98200496  1284.40635037  1793.2548413   4093.39093335
  2062.24079739  2151.2799481   1274.70384313  1080.00995409
  1655.72722392  6359.11470526   709.6595261   1722.58166198
   689.28653553   499.82153142   517.86141582   712.06174508
   868.03523303   967.05247567   667.23077057  2273.06187291
   495.52729565   369.39625923   400.9686827  23994.77615057
  1357.27143304   587.90367646   549.66060882   846.21768701
   495.07749004   228.61353521   240.53449044   437.54167317
   354.81581088   255.08550109   213.39161991   506.86769358
   304.88798314   379.95158094   524.63990624   245.68829984
   193.6857663    360.96986433    50.81734757   101.8581944
   618.04631454  1019.84090801]
[ 1498.15729803  1223.19108704  1782.84520867  3518.08627276
  1995.03190563  2065.57036914  1254.03895897  1119.29382982
  1589.29489131  6022.16160592   633.38384381  1735.35877799
   653.85600716   486.27044648   520.36087523   707.4197659
   846.57558425   923.60295576   641.44668493  2299.184471
   480.73696549   368.17082251   416.77463351 28455.74927884
  1290.76363717   560.42133252   547.94883302   851.8873371
   495.46833776   235.32731906   242.78229348   422.41530021
   374.13063594   255.52187203   216.13525099   513.65460018
   297.16984148   373.78564557   489.02410653   241.41689948
   194.26149065   328.32538999    52.70368109    95.31763985
   611.3867463    938.28486342]
[ 1424.47893941  1207.20148757  1739.73977831  3252.95105895
  1941.65581638  2007.86286587  1214.62558784  1122.80913109
  1560.5790045   5803.55416051   605.05814957  1762.87081714
   645.37825179   474.28193593   510.66551555   700.74690284
   829.58846853   914.50244193   623.59715911  2402.44669922
   461.71756764   369.37327807   416.28678461 31461.72925431
  1240.78952525   540.5212226    541.41284147   865.95519981
   503.79807933   239.86030143   227.03855396   423.02793502
   362.76259652   254.0358544    213.9041643    513.64228251
   295.29457713   373.3990174    477.72590266   239.73343414
   194.35539879   305.54066039    53.03579347    94.22619004
   607.75150094   842.25602736]
[ 1305.42547077  1214.55662977  1705.79453349  3098.92757237
  1874.52542871  1972.02475644  1185.96493799  1119.93735585
  1552.310898    5670.54283224   560.85909472  1785.97151045
   645.3504126    498.68974815   501.55258503   570.10646105
   799.8191389    979.22313823   612.65332765  2553.90974419
   431.96098565   376.71640358   417.78817499 33065.58557048
  1232.92820914   499.27970085   521.77218307   876.27815127
   534.59526766   240.45672379   215.71950074   422.04618101
   374.98773589   253.25073389   209.72878241   511.20108509
   293.64350977   371.73265797   465.04397414   236.87699296
   194.8033333    292.88053363    52.07412255    93.89775398
   606.26565668   780.42675509]
