For each fold out of the k_fold number we consider for each element in the test set the error between actual and fitted and compute the sum for each fold of the squared errors :
[7.72679771e+10 1.56280688e+11 1.79721462e+11 1.38666581e+11
 1.25148038e+11 2.12791398e+12 9.39852692e+10 9.31829761e+10
 1.28633652e+11 1.53647786e+11 1.40817305e+11 1.41852761e+11
 1.09010724e+11 1.39129538e+11 1.38694865e+11 1.43339283e+11
 1.19222219e+11 1.37875822e+11 1.56216900e+11 1.53974765e+11
 1.64832336e+11 2.38673872e+11 1.43508481e+11 6.64021577e+11
 5.72177834e+09 1.61341635e+11 5.81860135e+12 1.52445569e+11
 2.20182128e+09 1.43140173e+11 1.39303938e+11 8.97922011e+10
 1.44075512e+11 1.24083561e+11 1.28216463e+11 1.47761186e+11
 1.77101822e+11 1.43435456e+11 1.69171825e+11 1.30191585e+11
 1.04453952e+11 9.68708478e+10 1.44643890e+11 1.70874004e+11
 1.24392943e+12 5.86050677e+09]
[5771054.27229112 2157337.88644209 1519389.55779493 1277567.18489647
 1823341.54789312 2501754.80936714 1396017.62158462 2756862.61852516
 1339058.15135879 1396933.35014029 4974356.49824664 3841201.39448611
  837180.38254611 2702145.99478137 5328870.14341962 3207508.38465545
 1930531.69557939 1383247.62076389 2710258.32782589 1406670.39288187
 3158478.44349069 3543429.56683907 4537717.12044375  828231.63772569
  829917.35192374 2037561.16412424 1370639.31120512 4692682.90228423
 3354311.39833508 1649438.09369518 2846595.05948448 2816046.57086368
 1948409.82264193 1489569.91223875 1369288.70297906 1048194.86731203
 1672972.79559139 2464734.94537321 8725696.46441614 1910658.85423971
 2401081.98049496 3529216.22637241 3471909.77613311 2476097.12028177
 2139703.52464361 2087615.04752176]
[  46260.16572524 2230138.10183493 3116059.17252485 5819846.19454423
  781032.60033049 1049484.95510041 1184136.29032532  673250.30281833
 1944140.09498895  536023.77597386  444720.32856452  369423.37800729
 2203060.60892964  625684.05935437  129463.50988079  632970.07115376
 1032693.0077081  4115469.55928383  511780.53988275 1195340.88172734
  138680.65498754  316276.76577993  289262.98849754 2793655.63615421
 3503171.78689554  946308.23052527 1664761.58438913 1043205.87513814
  511383.61734275  783252.5168995   527376.72730315  369548.91225683
  821063.74528143 1763430.75352812 1517957.58857994 1643621.46939285
 1369894.74935628  877305.31890862  181562.80749486 1219282.185074
  722472.70223409  283477.48924994  614836.32892877  517760.54672696
  661475.09221443 1312960.5487519 ]
[1053976.98129773 1246755.96068409 2772777.31957924 5525858.54211011
  695957.69242689  679526.36871621  773862.46407295  467166.53636198
 1349341.05905088  137664.36193033  414036.64365478   52813.30248224
  183423.11319745  262225.00327885   50659.28671716  382056.82255861
  473675.10117128 1081714.73393128  177144.03772084  683247.47608124
   24895.94717193   96536.29190212   57915.50245542 1765848.64249865
 2411907.87594819  405020.43696802 1009134.40356522  767991.49419627
  250851.33714149  385157.2713362   163976.07791148  168892.8634499
  473792.01025442 1120694.64510284  687492.64292512 1035093.17930894
  861944.90256832  523411.3550144   217752.61447704  862537.04149768
  428654.82428571   60424.16029373  175350.35820518  226560.63145786
  358199.78924644  958494.62305856]
[1409175.19065559  886034.35449801 2695788.06386897 4911419.3589478
  520658.19812461  585156.37432604  529831.99943558  328152.28216421
 1118529.98272452   90492.29401488  426166.95877766   12977.47345603
   17030.27897906   97333.19699885   17405.49611719  244655.48889421
  270369.88976854  505972.98635723   96601.07168144  540891.71677153
   10511.37152091   43553.22397702   23731.03170011 1705392.81765209
 2075431.15873312  246975.65140083  795205.53909145  588783.5143902
  183520.51498958  320278.10781261  131336.46058561  121570.83481106
  527597.98112986  926273.98327674  478062.75731641  799610.22174502
  752445.47537344  414439.62587404  248485.20816995  709726.23134355
  332331.48616009   18377.26099876   57461.37567403  149651.98827708
  232554.84249417  464511.73215425]
[1052211.25166567  583054.48775389 2184335.94813058 3663955.02807648
  188080.82525103  352506.83847567  247952.35806434  144970.82153669
  634698.86518389   17386.05067037  275571.05539197   39090.78856431
   48610.45534829    8695.3310193    17526.61715249   80548.73229627
   90767.56804443  210296.42890838   11963.39968573  287140.53640078
   40169.6400264     9835.94559874   15846.70494627 1847753.81194099
 1387945.30748934  101631.41960175  451396.45281586  308513.47974842
   83588.76557001  188853.51514331   47333.33544031   27930.04821291
  332095.84300263  587870.67596732  233342.42639614  428378.07468827
  489233.42000121  216787.00279158  445379.10530861  427036.10146994
  143018.12323091   21864.70701603    7839.72965975   37578.50326711
   63188.91462845  196186.8717179 ]
[ 788984.76968769  462762.60927298 1785723.72257804 2897578.8447823
   76330.58568118  275416.60480984  137112.50778814   75916.67409118
  413548.20402336   10153.73052664  155400.79790485   85772.32720904
   66942.83591111   17975.65794246   40250.86460867   36387.89014983
   33783.98910456  112867.97994778   10080.25318495  178540.06604382
   82005.5756815    27086.21780498   45534.19072828 2103572.70608181
 1056345.62215229   47659.73551082  304004.58056886  207928.82357782
   41376.6198165   122951.93431277   13273.33928526    8401.32597813
  204225.36677845  416455.72944824  126377.88783985  266611.3938294
  356360.04120829  123354.95755493  613214.82138544  301335.39800432
   73111.64151825   53559.4398684    17365.48042473   11430.60600965
   15616.97876526  123606.58691402]
[ 857012.12935262  430543.27599532 1715719.68452125 2657517.65578055
   63622.35452259  295537.26171451  124380.55735385   74971.2051379
  354015.77887482    9101.83524625  145836.51294188   81947.90717672
   61585.03168467   14154.7499666    26570.3695438    42060.43655025
   32717.901235    114647.27767324    8537.54077962  174412.86832606
   73275.29636291   24665.99546669   46144.0472191  2429742.63739503
  987871.03836263   46203.8239846   302861.25850819  235829.7994001
   42768.33687862  126468.2925579     6610.62839712   11501.31283091
  200445.07604688  397531.87657852  110843.73816912  239406.85903289
  348076.24323518  115798.1013343   624754.28958712  294812.54520047
   68563.70070605   44925.34344593   16686.21228262   13269.53730988
   10788.44126017  104013.54920088]
[ 867595.35709578  381505.95786036 1608893.1120628  2559582.43187504
   57182.21338116  306822.77421495  121257.69453884   72011.95119597
  316881.84694443    8079.81562127  133008.27566099   79056.90483745
   59255.71353506    9852.26546852   17745.29285769   40385.66357093
   35361.19739533  129408.54200538    7231.01708553  179060.05154811
   70325.54250228   23020.72370581   49535.3620283  2614248.34700756
  918922.99282806   48550.54149427  301670.56359714  257504.71183683
   49156.7339975   126326.13990221    5417.56388166   14675.02223026
  174558.51554673  403400.65498935  106623.43974045  229735.88092605
  340427.05920787  112441.55260264  631027.79567552  295157.23409894
   64178.14851059   38759.03743759   15822.30293417   15315.30122421
    9068.77168338   83086.94899997]
[ 846017.36176669  391926.46719022 1586767.18993074 2617530.37711028
   61012.57007044  351761.72323785  143841.90454722   90880.18717909
  340809.73453702    7575.5855823   152821.6471239    52525.42540589
   37404.81168538    5708.15717446    8186.74072874   37527.73338732
   54826.56479769  185222.44037692    4765.70552428  218090.64927234
   55477.2584854    15287.39119786   41553.27613761 2849118.94601338
  933868.5522208    67903.77890641  348651.23935197  302628.25511927
   67327.87578914  165997.03601671    4961.14795361    8949.28926527
  177636.86521176  419433.77495312  140670.5650184   259748.32643883
  381154.86560455  134359.71357338  588337.71241107  343465.17017509
   79445.37324207   23364.99744712    9276.72256131   24854.88349033
   16677.89906909   92401.21371049]
