The Y is given by
[[ 5.658131e+00]
 [ 1.628417e+00]
 [ 2.811754e+00]
 [ 5.533804e+00]
 [-2.841000e-02]
 [-2.018250e+00]
 [ 6.934148e+00]
 [-4.506120e+00]
 [ 1.022276e+01]
 [ 4.151762e+00]
 [-5.689530e+00]
 [-4.957180e+00]
 [ 3.875123e+00]
 [ 2.211774e+00]
 [-7.586680e+00]
 [ 7.875780e+00]
 [ 2.909993e+00]
 [-2.556900e+00]
 [-7.496190e+00]
 [-2.398960e+00]
 [ 1.266971e+01]
 [ 1.194077e+01]
 [ 5.906919e+00]
 [ 5.836201e+00]
 [-2.845210e+00]
 [ 5.526690e+00]
 [ 8.111047e+00]
 [ 3.850179e+00]
 [-3.385460e+00]
 [-7.890000e-01]
 [-4.408840e+00]
 [-1.089450e+01]
 [ 8.837041e+00]
 [ 9.029573e+00]
 [ 8.851660e+00]
 [ 8.047152e+00]
 [ 9.007651e+00]
 [ 4.057233e+00]
 [-5.918530e+00]
 [ 1.012540e+01]
 [ 6.003952e+00]
 [-1.026420e+00]
 [ 2.405324e+00]
 [-2.512620e+00]
 [ 2.731160e+00]
 [-1.822540e+00]
 [ 4.003930e+00]
 [ 3.912691e+00]
 [ 2.613819e+00]
 [ 4.102589e+00]
 [ 1.350338e+00]
 [ 2.587946e+00]
 [ 3.597377e+00]
 [ 8.967700e-01]
 [ 4.043514e+00]
 [ 3.034207e+00]
 [ 3.337858e+00]
 [ 3.328119e+00]
 [-2.220140e+00]
 [ 4.581140e+00]
 [ 5.249206e+00]
 [ 4.055135e+00]
 [ 2.505324e+00]
 [ 5.681053e+00]
 [ 3.867597e+00]
 [ 3.564551e+00]
 [-3.875500e-01]
 [ 4.426160e-01]
 [ 4.039079e+00]
 [ 3.978534e+00]
 [ 3.829369e+00]
 [ 3.878631e+00]
 [ 3.966420e+00]
 [ 4.576739e+00]
 [ 5.018064e+00]
 [ 3.943189e+00]
 [ 1.933106e+00]
 [ 4.003022e+00]
 [ 2.985745e+00]
 [ 4.001106e+00]
 [ 3.190316e+00]
 [ 2.834233e+00]
 [ 3.777329e+00]
 [ 3.657767e+00]
 [ 1.922727e+00]
 [ 2.052942e+00]
 [ 2.451105e+00]
 [ 3.891940e+00]
 [ 2.639482e+00]
 [ 2.558338e+00]
 [ 2.351136e+00]
 [ 2.827311e+00]
 [ 5.345712e+00]
 [ 4.541579e+00]
 [ 6.310451e+00]
 [ 4.291352e+00]
 [-9.801600e-01]
 [ 4.314246e+00]
 [ 3.451369e+00]
 [ 3.978806e+00]
 [ 3.559112e+00]
 [ 1.588189e+00]
 [ 1.077745e+00]
 [ 2.508531e+00]
 [ 1.256296e+00]
 [ 1.524469e+00]
 [ 1.623245e+00]
 [ 2.351242e+00]
 [ 2.577322e+00]
 [ 4.733954e+00]
 [ 4.353231e+00]
 [ 2.914010e+00]
 [ 1.039105e+00]
 [ 1.599671e+00]
 [-6.126500e-01]
 [ 2.345386e+00]
 [ 2.085085e+00]
 [ 1.388004e+00]
 [ 2.337333e+00]
 [ 3.556201e+00]
 [ 3.407099e+00]
 [ 3.875162e+00]
 [ 1.954449e+00]
 [ 1.118457e+00]
 [ 8.195320e-01]
 [ 2.786424e+00]
 [ 1.607714e+00]
 [ 2.374947e+00]
 [ 2.361499e+00]
 [ 1.952950e-01]
 [-2.941340e+00]
 [ 1.965657e+00]
 [ 2.079229e+00]
 [ 1.826930e-01]
 [ 5.762420e-01]
 [ 9.475860e-01]
 [ 1.067462e+00]
 [ 1.187650e+00]
 [ 3.132700e+00]
 [ 4.300341e+00]
 [ 4.777487e+00]
 [ 8.900690e-01]
 [-8.667400e-01]
 [ 4.949258e+00]
 [ 3.347218e+00]
 [ 3.008493e+00]
 [ 4.150363e+00]
 [ 1.408829e+00]
 [ 5.292410e-01]
 [-3.948400e-01]
 [ 1.572410e+00]
 [ 2.822948e+00]
 [ 2.327935e+00]
 [ 2.287339e+00]
 [ 1.402152e+00]
 [ 3.707236e+00]
 [ 3.896552e+00]
 [ 5.255006e+00]
 [ 5.108262e+00]
 [ 1.923807e+00]
 [-9.561700e-01]
 [ 2.457372e+00]
 [ 1.737641e+00]
 [ 8.178980e-01]
 [ 1.849201e+00]
 [ 1.979618e+00]
 [ 1.987135e+00]
 [ 2.962045e+00]
 [ 1.695471e+00]
 [ 0.000000e+00]
 [-7.099100e-01]
 [ 1.169970e+00]
 [ 7.067140e-01]
 [ 3.700160e+00]
 [ 3.260535e+00]
 [ 1.082315e+00]
 [-5.618860e+00]
 [ 4.079933e+00]
 [ 3.660000e+00]
 [ 4.919930e-01]
 [ 4.895840e-01]
 [ 1.929690e+00]
 [ 1.743205e+00]
 [ 1.943625e+00]
 [ 1.642930e+00]
 [-5.533000e-01]
 [ 3.295521e+00]
 [ 1.185336e+00]
 [ 9.149912e+00]
 [ 1.663104e+00]
 [ 7.254765e+00]
 [ 5.712532e+00]
 [-5.238180e+00]
 [ 6.735822e+00]
 [ 6.006204e+00]
 [ 3.475733e+00]
 [ 7.288893e+00]
 [ 3.820738e+00]
 [ 5.254299e+00]
 [ 4.776564e+00]
 [ 3.965356e+00]
 [ 9.627783e+00]
 [ 5.947343e+00]
 [ 5.533455e+00]
 [ 1.056831e+00]
 [ 5.482396e+00]
 [ 4.750776e+00]
 [ 6.658924e+00]
 [ 7.574492e+00]
 [ 7.549522e+00]
 [ 4.049821e+00]
 [ 6.184416e+00]
 [ 8.845756e+00]
 [ 3.840991e+00]
 [ 4.823966e+00]
 [ 3.803975e+00]
 [ 7.860381e+00]
 [ 7.922943e+00]
 [ 9.284825e+00]
 [ 9.263965e+00]
 [ 9.801360e+00]
 [ 3.890957e+00]
 [ 8.479784e+00]
 [ 1.025996e+01]
 [ 6.638364e+00]
 [ 5.456388e+00]
 [ 6.386106e+00]
 [ 7.410228e+00]
 [ 8.154425e+00]
 [ 7.112686e+00]
 [ 7.023997e+00]
 [ 7.037643e+00]
 [ 8.103976e+00]
 [ 7.634673e+00]
 [ 4.977301e+00]
 [ 6.886565e+00]
 [ 8.761326e+00]
 [ 6.767070e+00]
 [ 7.324309e+00]
 [ 9.880078e+00]
 [ 7.927157e+00]
 [ 2.246445e+00]
 [ 4.192967e+00]
 [ 6.975528e+00]
 [ 2.462144e+00]
 [ 5.875045e+00]
 [ 4.925927e+00]
 [ 5.780498e+00]
 [ 7.456587e+00]
 [ 7.242132e+00]
 [ 6.911983e+00]
 [ 6.497507e+00]
 [ 6.496408e+00]
 [ 7.539971e+00]
 [ 8.220007e+00]
 [ 7.818187e+00]
 [ 4.699879e+00]
 [-1.312670e+01]
 [ 7.911260e-01]
 [ 4.920068e+00]
 [ 3.643466e+00]
 [ 4.499475e+00]
 [ 4.780369e+00]
 [ 5.030874e+00]
 [ 5.692571e+00]
 [ 5.500952e+00]
 [ 6.345022e+00]
 [ 6.013704e+00]
 [ 4.628871e+00]
 [ 6.223854e+00]
 [ 6.169784e+00]
 [ 6.030051e+00]
 [ 5.557264e+00]
 [ 5.006668e+00]
 [ 4.876322e+00]
 [ 5.033280e+00]
 [ 1.818108e+00]
 [ 3.690486e+00]
 [ 7.125862e+00]
 [ 5.500141e+00]
 [-2.090160e+00]
 [ 7.125385e+00]
 [ 2.560501e+00]
 [ 3.240140e+00]
 [ 5.959159e+00]
 [ 3.430016e+00]
 [ 8.442280e-01]
 [ 4.135860e-01]
 [ 1.169203e+00]
 [ 3.225852e+00]
 [ 2.798086e+00]
 [ 2.859972e+00]
 [ 3.191961e+00]
 [ 4.194377e+00]
 [ 3.388384e+00]
 [ 1.985775e+00]
 [ 1.538448e+00]
 [ 8.342750e-01]
 [-8.528100e-01]
 [ 2.151024e+00]
 [ 2.886837e+00]
 [ 1.286369e+00]
 [ 1.835362e+00]
 [ 1.616076e+00]
 [ 1.559850e+00]
 [ 3.710107e+00]
 [ 1.772189e+00]
 [ 2.485470e-01]
 [ 1.513180e-01]
 [ 1.581939e+00]
 [ 9.496660e-01]
 [ 2.006587e+00]
 [ 1.473869e+00]
 [-1.050400e+00]
 [-5.482060e+00]
 [ 1.686523e+00]
 [ 5.766230e-01]
 [-2.819010e+00]
 [-1.728160e+00]
 [ 1.136730e-01]
 [ 9.519590e-01]
 [ 8.582630e-01]
 [ 4.698992e+00]
 [ 8.413547e+00]
 [ 8.032600e+00]
 [-1.225240e+00]
 [ 3.091576e+00]
 [ 3.974984e+00]
 [ 4.390338e+00]
 [ 5.271942e+00]
 [ 5.484042e+00]
 [ 2.817591e+00]
 [ 4.209336e+00]
 [ 3.312457e+00]
 [ 3.523045e+00]
 [ 4.501995e+00]
 [ 5.233381e+00]
 [ 3.326526e+00]
 [ 4.730666e+00]
 [ 6.785020e+00]
 [ 4.858038e+00]
 [ 4.892713e+00]
 [ 3.417497e+00]
 [ 8.480700e-01]
 [-5.179200e-01]
 [ 9.930660e-01]
 [ 2.742140e+00]
 [ 3.099999e+00]
 [ 1.076045e+00]
 [-1.128410e+00]
 [-2.519500e-01]
 [ 2.779633e+00]
 [ 4.063360e-01]
 [ 1.179930e-01]
 [ 1.528220e+00]
 [ 2.204688e+00]
 [ 1.662670e+00]
 [ 1.420007e+00]
 [ 1.654184e+00]
 [-1.093540e+00]
 [-5.416410e+00]
 [ 4.191739e+00]
 [-1.154200e-01]
 [ 1.495090e+00]
 [ 2.000268e+00]
 [ 3.747190e-01]
 [ 1.353823e+00]
 [ 9.381940e-01]
 [ 1.045469e+01]
 [ 7.150715e+00]
 [ 1.482755e+01]
 [ 9.460873e+00]
 [ 7.863512e+00]
 [ 1.311516e+01]
 [ 1.227766e+01]
 [ 1.077449e+01]
 [ 8.625632e+00]
 [-1.701280e+00]
 [ 7.180511e+00]
 [ 8.265021e+00]
 [ 1.324206e+01]
 [ 1.044291e+01]
 [ 7.749646e+00]
 [ 1.122409e+01]
 [ 1.246727e+01]
 [ 1.190472e+01]
 [ 7.029710e+00]
 [ 9.811230e+00]
 [ 1.035395e+01]
 [ 6.175506e+00]
 [ 6.846744e+00]
 [ 9.206142e+00]
 [ 9.570604e+00]
 [ 7.594509e+00]
 [ 5.922185e+00]
 [-5.471220e+00]
 [ 1.130862e+01]
 [ 8.924426e+00]
 [ 4.525307e+00]
 [ 7.432434e+00]
 [ 2.933218e+00]
 [ 4.899840e+00]
 [ 3.923677e+00]
 [ 5.176154e+00]
 [ 5.463396e+00]
 [ 2.829223e+00]
 [ 7.075100e-01]
 [ 6.496794e+00]
 [ 3.681689e+00]
 [ 2.292398e+00]
 [ 2.896205e+00]
 [ 3.341448e+00]
 [ 2.790236e+00]
 [ 2.929305e+00]
 [ 3.762468e+00]
 [ 8.228807e+00]
 [ 7.861120e+00]
 [ 5.776827e+00]
 [ 5.744485e+00]
 [ 4.417444e+00]
 [ 3.390640e+00]
 [ 8.956942e+00]
 [ 9.698170e+00]
 [ 9.233252e+00]
 [ 8.772601e+00]
 [-6.279000e-01]
 [-4.196300e+00]
 [ 3.610181e+00]
 [ 2.593384e+00]
 [-3.753920e+00]
 [ 1.855747e+00]
 [ 1.245438e+00]
 [ 4.198293e+00]
 [ 5.068306e+00]
 [ 4.222251e+00]
 [ 3.628659e+00]
 [ 4.061426e+00]
 [ 4.941081e+00]
 [-6.291230e+00]
 [ 6.773259e+00]
 [ 6.846852e+00]
 [ 5.163925e+00]
 [ 2.753554e+00]
 [ 4.942454e+00]
 [-4.043900e-01]
 [-3.984000e-02]
 [ 1.446383e+00]
 [ 3.920591e+00]
 [ 2.307807e+00]
 [ 4.495078e+00]
 [ 2.291446e+00]
 [ 1.143585e+00]
 [-5.285740e+00]
 [ 5.118118e+00]
 [ 3.663008e+00]
 [ 3.642323e+00]
 [ 1.354092e+00]
 [ 2.845284e+00]
 [ 3.270472e+00]
 [ 2.913328e+00]
 [ 4.316980e+00]
 [ 3.533875e+00]
 [ 5.444223e+00]
 [ 3.438718e+00]
 [ 2.029000e-03]
 [ 4.456310e+00]
 [ 2.520440e+00]
 [ 2.696247e+00]
 [ 2.014166e+00]
 [ 1.341914e+00]
 [-7.836100e-01]
 [-1.240760e+00]
 [ 2.069958e+00]
 [ 3.061679e+00]
 [ 2.580180e+00]
 [ 2.786976e+00]
 [ 1.931249e+00]
 [ 3.441219e+00]
 [ 4.420118e+00]
 [ 4.183223e+00]
 [ 2.439135e+00]
 [ 1.706071e+00]
 [ 1.257552e+00]
 [ 2.961092e+00]
 [ 3.116036e+00]
 [ 3.566719e+00]
 [ 4.299867e+00]
 [ 4.525415e+00]
 [ 5.051693e+00]
 [ 4.238763e+00]
 [ 2.124264e+00]
 [ 1.036300e-01]
 [ 2.839230e-01]
 [ 2.030706e+00]
 [ 2.160366e+00]
 [ 3.518637e+00]
 [ 3.698473e+00]
 [ 1.699061e+00]
 [-3.767580e+00]
 [ 1.402662e+00]
 [ 1.663626e+00]
 [-1.057040e+00]
 [-1.903400e-01]
 [ 1.419690e+00]
 [ 2.260757e+00]
 [ 2.209942e+00]
 [ 4.649473e+00]
 [ 8.149746e+00]
 [ 7.788465e+00]
 [ 5.618786e+00]
 [ 5.422030e-01]
 [ 3.303792e+00]
 [ 2.838574e+00]
 [ 1.463003e+00]
 [ 4.154700e-02]
 [ 2.208728e+00]
 [-1.324700e-01]
 [ 1.246462e+00]
 [ 1.770116e+00]
 [ 1.784688e+00]
 [ 2.321436e+00]
 [ 3.253322e+00]
 [ 5.547123e+00]
 [ 5.094324e+00]
 [ 4.827030e+00]
 [ 3.781393e+00]
 [ 2.546001e+00]
 [ 9.292150e-01]
 [-1.031490e+00]
 [ 2.383195e+00]
 [ 2.757494e+00]
 [ 2.674784e+00]
 [ 3.689614e+00]
 [ 4.305978e+00]
 [ 4.484774e+00]
 [ 5.289100e+00]
 [ 4.001074e+00]
 [ 2.879876e+00]
 [ 3.187571e+00]
 [ 3.166747e+00]
 [ 3.723002e+00]
 [ 4.174123e+00]
 [ 3.768992e+00]
 [ 1.117687e+00]
 [-3.573750e+00]
 [ 1.406400e-02]
 [-9.987600e-01]
 [-2.927750e+00]
 [-1.705710e+00]
 [ 1.379997e+00]
 [ 3.432253e+00]
 [ 3.274463e+00]
 [ 3.484368e+00]
 [ 4.301946e+00]
 [ 6.508721e+00]
 [-2.463410e+00]
 [-1.479060e+00]
 [ 2.910059e+00]
 [ 2.443094e+00]
 [ 4.201849e+00]
 [ 3.741454e+00]
 [-2.027770e+00]
 [-7.709900e-01]
 [ 2.010560e+00]
 [ 4.221918e+00]
 [ 2.276236e+00]
 [ 4.195325e+00]
 [ 3.124279e+00]
 [ 5.306559e+00]
 [ 5.747627e+00]
 [ 2.569404e+00]
 [ 7.318010e-01]
 [-1.086540e+00]
 [ 3.739760e-01]
 [ 2.526925e+00]
 [ 3.880039e+00]
 [ 2.469734e+00]
 [ 2.538654e+00]
 [ 4.038248e+00]
 [ 3.137808e+00]
 [ 3.216725e+00]
 [ 3.664129e+00]
 [ 2.544131e+00]
 [ 2.457878e+00]
 [ 3.325909e+00]
 [ 2.364455e+00]
 [ 3.096089e+00]
 [ 2.456000e+00]
 [ 2.356708e+00]
 [-4.725400e-01]
 [-4.187760e+00]
 [ 1.694547e+00]
 [ 1.452624e+00]
 [ 1.481330e+00]
 [ 2.052389e+00]
 [ 3.054251e+00]
 [ 2.345940e+00]
 [ 1.935791e+00]
 [ 3.295477e+00]
 [ 5.263263e+00]
 [ 5.643125e+00]
 [-5.171500e-01]
 [-1.976800e-01]
 [ 5.386090e+00]
 [ 4.608597e+00]
 [ 5.561685e+00]
 [ 3.175691e+00]
 [-2.446000e-01]
 [ 2.594470e+00]
 [-1.910890e+00]
 [ 4.632457e+00]
 [ 7.259087e+00]
 [ 4.238738e+00]
 [ 3.511614e+00]
 [ 3.461748e+00]
 [ 4.203972e+00]
 [ 3.680524e+00]
 [ 1.919370e+00]
 [-7.408000e-02]
 [ 3.555396e+00]
 [ 2.745857e+00]
 [ 4.037643e+00]
 [ 2.718976e+00]
 [ 3.795881e+00]
 [ 4.487026e+00]
 [ 4.449911e+00]
 [ 4.685200e+00]
 [ 4.092176e+00]
 [ 9.759820e-01]
 [ 1.786128e+00]
 [ 2.806776e+00]
 [ 3.785743e+00]
 [ 3.345216e+00]
 [ 2.666626e+00]
 [ 1.778570e+00]
 [-2.916200e-01]
 [-2.775530e+00]
 [ 2.531921e+00]
 [ 1.601455e+00]
 [ 2.224031e+00]
 [ 1.677332e+00]
 [ 2.569194e+00]
 [ 2.861587e+00]
 [ 1.485279e+00]
 [-1.133170e+01]
 [ 2.742397e+01]
 [ 3.813176e+00]
 [ 7.494918e+00]
 [ 5.045342e+00]
 [ 8.386756e+00]
 [ 5.258586e+00]
 [ 9.214836e+00]
 [ 7.477827e+00]
 [ 7.906070e-01]
 [ 2.999996e+00]
 [ 6.400004e+00]
 [ 5.400003e+00]
 [ 5.599997e+00]
 [ 3.699997e+00]
 [ 4.000010e-01]
 [-7.000000e-01]
 [-1.000010e+00]
 [ 4.400002e+00]
 [ 8.000010e-01]
 [-1.200000e+00]
 [ 1.800002e+00]
 [-2.100000e+00]
 [-9.000000e-01]
 [ 3.799995e+00]
 [ 4.099998e+00]
 [ 1.100000e+00]
 [ 5.100004e+00]
 [ 3.200002e+00]
 [ 3.819678e+00]
 [ 3.008395e+00]
 [ 5.609323e+00]
 [ 7.201872e+00]
 [ 4.301624e+00]
 [ 5.907791e+00]
 [ 1.684488e+00]
 [ 3.372875e+00]
 [ 2.360135e+00]
 [ 1.632244e+00]
 [ 3.634145e+00]
 [ 2.891866e+00]
 [ 3.374769e+00]
 [ 2.767639e+00]
 [ 3.789121e+00]
 [ 3.763467e+00]
 [ 3.300000e+00]
 [ 5.114969e+00]
 [ 6.207861e+00]
 [ 4.890435e+00]
 [ 3.942138e+00]
 [-3.637400e-01]
 [ 4.578445e+00]
 [ 5.079981e+00]
 [-2.106500e-01]
 [ 5.356700e+00]
 [ 1.731485e+00]
 [-1.442900e-01]
 [ 2.011254e+00]
 [ 2.973088e+00]
 [ 5.127500e-02]
 [ 2.498678e+00]
 [ 2.301393e+00]
 [ 1.357168e+00]
 [ 3.295880e+00]
 [ 3.887075e+00]
 [ 4.345642e+00]
 [ 3.441627e+00]
 [ 2.093525e+00]
 [ 5.268090e-01]
 [ 2.402119e+00]
 [ 2.667984e+00]
 [ 2.349535e+00]
 [ 2.093596e+00]
 [ 3.581431e+00]
 [ 3.556330e+00]
 [ 3.375722e+00]
 [ 1.267170e+00]
 [ 1.651549e+00]
 [ 9.414730e-01]
 [ 2.735119e+00]
 [ 2.244067e+00]
 [ 3.454041e+00]
 [ 3.727415e+00]
 [ 1.460425e+00]
 [-3.764580e+00]
 [ 1.837095e+00]
 [ 2.922798e+00]
 [ 6.804440e-01]
 [ 2.550400e-02]
 [ 8.287340e-01]
 [ 1.091854e+00]
 [ 1.450915e+00]
 [-5.479480e+00]
 [-1.397370e+01]
 [ 3.325680e+00]
 [ 9.591956e+00]
 [-4.088210e+00]
 [ 5.661361e+00]
 [ 2.673056e+00]
 [ 7.073838e+00]
 [ 4.801635e+00]
 [ 8.191420e-01]
 [ 7.233944e+00]
 [ 2.134328e+00]
 [ 3.881046e+00]
 [ 4.803310e+00]
 [ 3.342015e+00]
 [ 4.173383e+00]
 [ 3.772402e+00]
 [ 2.416257e+00]
 [ 2.836582e+00]
 [ 5.622258e+00]
 [ 3.485228e+00]
 [ 5.442686e+00]
 [ 4.711562e+00]
 [ 3.890126e+00]
 [ 5.121278e+00]
 [ 4.522919e+00]
 [ 4.489896e+00]
 [ 5.177027e+00]
 [ 4.670156e+00]
 [ 5.293295e+00]
 [ 5.077288e+00]
 [ 3.833124e+00]
 [ 4.739567e+00]
 [ 5.239533e+00]
 [ 6.535945e+00]
 [ 6.671868e+00]
 [ 7.058636e+00]
 [ 6.013790e+00]
 [ 5.045125e+00]
 [ 5.571802e+00]
 [ 6.464384e+00]
 [ 6.521435e+00]
 [ 6.013596e+00]
 [ 6.061093e+00]
 [ 6.552633e+00]
 [ 7.113465e+00]
 [ 3.985827e+00]
 [ 5.295604e+00]
 [ 6.381702e+00]
 [ 4.565258e+00]
 [-1.965940e+00]
 [ 5.652746e+00]
 [ 6.261550e-01]
 [ 2.841897e+00]
 [ 2.341073e+00]
 [ 4.444054e+00]
 [-2.792800e-01]
 [ 5.949870e-01]
 [ 3.118430e-01]
 [ 2.466383e+00]
 [ 1.651793e+00]
 [ 1.822762e+00]
 [ 2.306659e+00]
 [ 4.723209e+00]
 [ 3.469167e+00]
 [ 3.137402e+00]
 [ 1.833074e+00]
 [ 1.530655e+00]
 [-9.618700e-01]
 [ 3.226971e+00]
 [ 2.384757e+00]
 [ 1.593406e+00]
 [ 3.710445e+00]
 [ 1.975274e+00]
 [ 3.563312e+00]
 [ 3.633652e+00]
 [ 8.115440e-01]
 [ 1.780506e+00]
 [ 7.745670e-01]
 [ 3.634681e+00]
 [ 2.094273e+00]
 [ 2.506140e+00]
 [ 3.448974e+00]
 [ 7.831730e-01]
 [-2.253170e+00]
 [ 2.744213e+00]
 [ 1.798303e+00]
 [ 2.347970e-01]
 [ 2.006500e-01]
 [ 1.293265e+00]
 [ 1.426957e+00]
 [ 1.412292e+00]
 [-1.496840e+00]
 [ 6.426368e+00]
 [ 3.706165e+00]
 [ 3.339312e+00]
 [-4.895350e+00]
 [ 8.843560e-01]
 [ 4.983664e+00]
 [ 1.255078e+00]
 [ 6.535747e+00]
 [ 6.781764e+00]
 [ 9.954231e+00]
 [ 2.235066e+00]
 [-4.347820e+00]
 [ 7.929840e+00]
 [ 7.530325e+00]
 [ 2.171142e+00]
 [-1.500000e+00]
 [ 3.405245e+00]
 [-2.854160e+00]
 [ 8.976134e+00]
 [ 4.225799e+00]
 [ 2.957711e+00]
 [ 5.836172e+00]
 [ 2.020400e+00]
 [ 6.045199e+00]
 [ 4.324284e+00]
 [ 5.734688e+00]
 [ 3.961012e+00]
 [ 5.341449e+00]
 [ 5.859992e+00]
 [ 5.330411e+00]
 [ 4.644470e+00]
 [ 3.444045e+00]
 [ 4.429629e+00]
 [ 1.711578e+00]
 [ 3.947014e+00]
 [ 5.986516e+00]
 [ 4.889899e+00]
 [ 2.329301e+00]
 [ 2.110199e+00]
 [ 2.962750e+00]
 [ 4.816478e+00]
 [ 7.189716e+00]
 [ 6.351832e+00]
 [ 2.095808e+00]
 [ 3.964860e+00]
 [ 5.063336e+00]
 [ 7.967485e+00]
 [ 5.739161e+00]
 [ 2.939568e+00]
 [ 7.311018e+00]
 [ 4.614567e+00]
 [ 4.971216e+00]
 [ 2.052694e+00]
 [ 1.333440e-01]
 [-1.371770e+00]
 [ 2.756170e-01]
 [-3.938740e+00]
 [-4.042120e+00]
 [-2.006700e-01]
 [-1.676390e+00]
 [-2.573880e+00]
 [ 2.463479e+00]
 [ 2.909503e+00]
 [ 3.790130e+00]
 [ 4.635786e+00]
 [ 5.266527e+00]
 [ 1.646497e+00]
 [ 4.269294e+00]
 [ 4.667270e+00]
 [ 4.678273e+00]
 [ 4.361343e+00]
 [ 4.954209e+00]
 [ 5.029352e+00]
 [ 4.268900e-01]
 [ 2.507808e+00]
 [ 1.683801e+00]
 [ 2.485565e+00]
 [ 2.711341e+00]
 [ 4.173294e+00]
 [ 4.421435e+00]
 [ 4.797009e+00]
 [ 4.564383e+00]
 [ 6.148497e+00]
 [ 3.357001e+00]
 [ 4.126723e+00]
 [ 5.204093e+00]
 [ 5.122275e+00]
 [ 6.796012e+00]
 [ 5.460570e+00]
 [ 4.857188e+00]
 [ 4.263919e+00]
 [ 1.413340e+00]
 [ 2.311499e+00]
 [ 4.493270e-01]
 [ 8.286426e+00]
 [ 2.998383e+00]
 [ 8.534895e+00]
 [ 3.703540e-01]
 [ 4.607825e+00]
 [ 3.664622e+00]
 [ 7.968790e-01]
 [ 4.255303e+00]
 [ 9.562197e+00]
 [ 3.459850e-01]
 [-1.778700e+00]
 [ 8.517365e+00]
 [ 7.955363e+00]
 [-2.363400e-01]
 [ 5.795593e+00]
 [ 2.150267e+00]
 [-6.029300e-01]
 [ 9.069984e+00]
 [ 2.327110e-01]
 [ 3.461385e+00]
 [ 1.315007e+00]
 [ 5.716374e+00]
 [ 1.101474e+01]
 [ 6.316835e+00]
 [ 7.307720e+00]
 [ 7.404179e+00]
 [ 1.820242e+00]
 [ 6.613400e+00]
 [ 4.353004e+00]
 [ 7.802440e+00]
 [ 4.478474e+00]
 [ 8.661862e+00]
 [ 6.253159e+00]
 [ 5.655005e+00]
 [ 7.294498e+00]
 [ 2.962014e+00]
 [ 5.373373e+00]
 [ 6.626865e+00]
 [ 6.452699e+00]
 [ 5.792589e+00]
 [ 4.326837e+00]
 [ 3.894548e+00]
 [ 5.924578e+00]
 [ 3.479708e+00]
 [ 2.673843e+00]
 [ 5.355681e+00]
 [ 1.073426e+01]
 [ 1.124506e+01]
 [-5.495140e+00]
 [ 1.373987e+01]
 [ 2.200300e+01]
 [ 6.035119e+00]
 [-1.965290e+00]
 [ 1.708268e+01]
 [ 7.516203e+00]
 [ 6.866831e+00]
 [ 7.474573e+00]
 [ 8.063162e+00]
 [ 6.771663e+00]
 [-2.146650e+00]
 [-7.823630e+00]
 [-1.819120e+00]
 [-6.105700e+00]
 [-3.808600e+00]
 [-3.100000e+00]
 [-7.932070e+00]
 [ 2.123935e+00]
 [ 3.469792e+00]
 [ 4.361087e+00]
 [ 5.231321e+00]
 [ 4.502291e+00]
 [ 4.292017e+00]
 [ 3.553374e+00]
 [ 4.368084e+00]
 [ 4.237204e+00]
 [ 4.567195e+00]
 [ 6.780956e+00]
 [ 2.020662e+00]
 [ 3.457669e+00]
 [ 4.902202e+00]
 [ 3.488801e+00]
 [ 2.198664e+00]
 [ 3.422508e+00]
 [ 4.129277e+00]
 [ 4.543265e+00]
 [ 5.404266e+00]
 [ 5.884059e+00]
 [ 5.651464e+00]
 [ 4.450453e+00]
 [ 4.117658e+00]
 [ 5.445856e+00]
 [ 6.964203e+00]
 [ 3.690988e+00]
 [ 1.822973e+00]
 [ 5.199302e+00]
 [ 3.458231e+00]
 [ 3.953591e+00]
 [ 3.804923e+00]
 [ 2.162617e+00]
 [ 3.503120e+00]
 [-3.202020e+00]
 [ 2.598573e+00]
 [ 5.925350e+00]
 [ 4.734083e+00]
 [ 2.161816e+00]
 [ 4.096465e+00]
 [ 4.429401e+00]
 [ 2.323974e+00]
 [ 1.543460e-01]
 [-2.125690e+00]
 [ 8.829760e-01]
 [ 2.655236e+00]
 [ 4.493475e+00]
 [ 2.677708e+00]
 [ 1.611048e+00]
 [ 4.279812e+00]
 [ 3.881759e+00]
 [ 5.163211e+00]
 [ 5.182690e+00]
 [ 1.770819e+00]
 [ 3.010016e+00]
 [ 1.802273e+00]
 [ 3.085961e+00]
 [ 3.201382e+00]
 [ 2.623413e+00]
 [ 2.062748e+00]
 [ 1.000361e+00]
 [-2.949590e+00]
 [ 3.083514e+00]
 [ 3.141219e+00]
 [ 1.745472e+00]
 [ 2.475002e+00]
 [ 2.855739e+00]
 [ 1.000882e+00]
 [ 1.414103e+00]
 [ 5.951223e+00]
 [ 7.673415e+00]
 [ 6.727482e+00]
 [ 5.742522e+00]
 [ 2.248047e+00]
 [ 4.817187e+00]
 [ 4.148013e+00]
 [ 8.463450e+00]
 [ 5.382853e+00]
 [ 4.098199e+00]
 [ 2.263217e+00]
 [ 9.484800e-01]
 [ 1.584376e+00]
 [ 3.355101e+00]
 [ 3.088265e+00]
 [ 5.838292e+00]
 [ 5.371507e+00]
 [ 4.059821e+00]
 [ 3.417427e+00]
 [ 6.042038e+00]
 [ 2.277231e+00]
 [ 5.032677e+00]
 [ 2.365651e+00]
 [ 5.835811e+00]
 [ 5.202438e+00]
 [ 2.055855e+00]
 [ 3.430294e+00]
 [ 5.697840e-01]
 [-4.204020e+00]
 [ 4.419993e+00]
 [ 1.677898e+00]
 [ 2.503980e+00]
 [ 3.918272e+00]
 [ 5.333022e+00]
 [ 4.706556e+00]
 [ 6.697515e+00]
 [ 6.900628e+00]
 [ 3.546805e+00]
 [ 1.651549e+00]
 [ 3.971801e+00]
 [ 6.589512e+00]
 [ 4.043944e+00]
 [ 4.874066e+00]
 [ 4.393608e+00]
 [ 3.052017e+00]
 [ 2.043060e+00]
 [ 7.753036e+00]
 [ 8.617551e+00]
 [ 8.231189e+00]
 [ 7.885521e+00]
 [ 7.731597e+00]
 [ 9.162870e-01]
 [-8.953430e+00]
 [ 6.359747e+00]
 [ 9.813225e+00]
 [ 1.763661e+01]
 [ 1.761972e+01]
 [ 2.359770e+01]
 [ 5.853963e+00]
 [ 6.976131e+00]
 [-1.185660e+00]
 [-6.861530e+00]
 [ 1.893770e-01]
 [ 1.766263e+00]
 [ 2.599877e+00]
 [ 1.000004e+00]
 [ 2.395367e+00]
 [ 2.611948e+00]
 [-9.796800e-01]
 [-5.493080e+00]
 [ 3.985324e+00]
 [ 4.290482e+00]
 [-6.248100e-01]
 [ 3.737553e+00]
 [-2.582200e+00]
 [ 7.575980e+00]
 [ 3.802602e+00]
 [ 4.581870e+00]
 [ 8.132640e-01]
 [ 3.476632e+00]
 [ 7.755759e+00]
 [ 6.235997e+00]
 [-1.582220e+00]
 [ 5.572233e+00]
 [ 7.468942e+00]
 [ 8.751601e+00]
 [ 3.420666e+00]
 [ 3.799971e+00]
 [ 3.440705e+00]
 [ 6.779916e+00]
 [ 2.646486e+00]
 [-2.800020e+00]
 [ 3.005033e+00]
 [ 3.929344e+00]
 [ 4.092925e+00]
 [-1.122410e+00]
 [-1.456540e+00]
 [ 5.924575e+00]
 [ 1.870289e+00]
 [ 2.226309e+00]
 [ 3.869056e+00]
 [-4.829900e-01]
 [-6.661300e-01]
 [ 3.684651e+00]
 [ 2.596061e+00]
 [ 4.166151e+00]
 [ 4.003686e+00]
 [ 4.904253e+00]
 [ 2.542260e-01]
 [-1.363000e-02]
 [ 6.452150e-01]
 [ 1.475245e+00]
 [ 1.393656e+00]
 [ 1.957012e+00]
 [ 1.065900e-02]
 [ 5.332449e+00]
 [ 3.027634e+00]
 [ 2.900068e+00]
 [ 3.260880e+00]
 [ 2.218162e+00]
 [ 2.948007e+00]
 [ 3.746900e+00]
 [ 8.231490e-01]
 [ 4.663450e-01]
 [ 3.900740e-01]
 [ 2.668193e+00]
 [ 2.336664e+00]
 [ 3.912980e+00]
 [ 9.092530e-01]
 [-5.120300e-01]
 [-4.906530e+00]
 [ 1.870993e+00]
 [ 1.336775e+00]
 [ 2.264680e-01]
 [ 9.333490e-01]
 [ 1.619375e+00]
 [ 1.606609e+00]
 [ 1.964077e+00]
 [ 1.087147e+01]
 [ 1.039416e+01]
 [ 1.289576e+01]
 [ 6.001903e+00]
 [ 5.193253e+00]
 [ 6.728123e+00]
 [ 4.981784e+00]
 [ 2.140685e+00]
 [ 4.531399e+00]
 [ 7.968739e+00]
 [ 4.279867e+00]
 [ 1.698709e+00]
 [ 4.627946e+00]
 [ 1.252896e+00]
 [-2.122530e+00]
 [ 3.521993e+00]
 [ 1.011737e+01]
 [ 2.155963e+00]
 [ 4.400539e+00]
 [-5.454310e+00]
 [ 9.441390e-01]
 [ 1.122093e+01]
 [ 7.364513e+00]
 [ 2.600354e+00]
 [ 5.685431e+00]
 [ 5.977825e+00]
 [ 8.885269e+00]
 [ 6.714478e+00]
 [ 5.940049e+00]
 [ 4.661762e+00]
 [ 2.459516e+00]
 [ 4.495103e+00]
 [-1.345710e+00]
 [ 2.570134e+00]
 [ 9.428237e+00]
 [ 9.174355e+00]
 [ 7.415952e+00]
 [ 3.209504e+00]
 [ 9.461550e-01]
 [ 8.339651e+00]
 [ 3.133423e+00]
 [ 2.717368e+00]
 [ 4.875205e+00]
 [ 7.636032e+00]
 [ 7.033371e+00]
 [ 6.612208e+00]
 [ 6.292606e+00]
 [ 5.017641e+00]
 [ 1.395068e+01]
 [ 1.120851e+01]
 [ 1.097215e+01]
 [ 7.397188e+00]
 [ 1.604842e+00]
 [ 5.706825e+00]
 [ 3.734048e+00]
 [ 3.708683e+00]
 [ 5.612864e+00]
 [ 6.148450e-01]
 [-3.368700e-01]
 [ 2.625273e+00]
 [ 3.935001e+00]
 [ 3.464783e+00]
 [-2.591000e-01]
 [ 5.890467e+00]
 [ 1.005778e+00]
 [ 3.679914e+00]
 [ 4.291342e+00]
 [ 2.114311e+00]
 [ 1.973218e+00]
 [ 4.258250e+00]
 [ 2.252549e+00]
 [ 1.731748e+00]
 [ 4.327865e+00]
 [ 3.266529e+00]
 [-4.739390e+00]
 [ 1.091802e+00]
 [ 4.015630e+00]
 [ 4.096777e+00]
 [ 2.722877e+00]
 [ 8.211021e+00]
 [ 5.291308e+00]
 [ 4.403526e+00]
 [ 2.190064e+00]
 [ 6.357131e+00]
 [ 5.664920e-01]
 [ 3.525299e+00]
 [ 7.868141e+00]
 [ 5.641962e+00]
 [ 4.946511e+00]
 [ 3.788869e+00]
 [ 9.887300e-02]
 [-1.576380e+00]
 [ 3.440941e+00]
 [ 2.028898e+00]
 [ 7.052350e-01]
 [ 2.485504e+00]
 [ 8.939147e+00]
 [ 1.462728e+01]
 [ 1.283694e+01]
 [ 5.779722e+00]
 [ 6.038847e+00]
 [ 1.001133e+01]
 [ 3.756100e+00]
 [ 9.907171e+00]
 [ 7.401136e+00]
 [ 6.091518e+00]
 [ 6.602036e+00]
 [ 2.646586e+00]
 [ 2.519411e+00]
 [ 5.300734e+00]
 [ 4.972375e+00]
 [ 5.701749e+00]
 [ 1.078837e+00]
 [ 4.431994e+00]
 [ 2.900787e+00]
 [ 3.973172e+00]
 [ 4.642467e+00]
 [ 4.988731e+00]
 [ 5.491124e+00]
 [ 4.036373e+00]
 [ 6.105463e+00]
 [ 5.367998e+00]
 [ 3.535252e+00]
 [ 2.370460e+00]
 [ 3.192285e+00]
 [ 4.089940e+00]
 [ 4.478960e+00]
 [ 6.853908e+00]
 [ 7.090271e+00]
 [ 7.157617e+00]
 [ 4.673845e+00]
 [ 5.145106e+00]
 [ 1.779594e+00]
 [ 2.215609e+00]
 [ 2.185466e+00]
 [ 2.915912e+00]
 [ 4.372019e+00]
 [ 4.346643e+00]
 [ 2.356920e+00]
 [ 7.735486e+00]
 [ 6.983828e+00]
 [ 3.236534e+00]
 [ 1.804898e+00]
 [ 3.443830e-01]
 [ 2.395100e-01]
 [ 2.919708e+00]
 [ 7.121926e+00]
 [ 5.389047e+00]
 [ 1.294774e+00]
 [ 3.087354e+00]
 [ 3.121057e+00]
 [ 3.214128e+00]
 [ 3.536693e+00]
 [ 2.726138e+00]
 [ 3.559096e+00]
 [ 5.209859e+00]
 [ 5.087702e+00]
 [ 6.757830e-01]
 [-5.914430e+00]
 [-3.324630e+00]
 [-7.344900e-01]
 [ 3.939261e+00]
 [ 4.207131e+00]
 [ 3.658833e+00]
 [ 6.251808e+00]
 [ 5.428513e+00]
 [ 4.444134e+00]
 [ 5.634847e+00]
 [ 2.580792e+00]
 [ 1.680325e+00]
 [ 1.993984e+00]
 [ 3.926057e+00]
 [ 2.779955e+00]
 [ 4.055197e+00]
 [ 5.184801e+00]
 [ 7.206680e-01]
 [-8.269040e+00]
 [ 2.992338e+00]
 [ 2.570818e+00]
 [-1.426190e+00]
 [-7.580400e-01]
 [-6.317300e-01]
 [ 1.350820e-01]
 [ 2.135382e+00]
 [ 1.025873e+01]
 [ 1.133697e+01]
 [ 1.018243e+01]
 [ 3.948710e+01]
 [ 1.919011e+01]
 [ 3.562534e+01]
 [-1.258210e+01]
 [-2.404920e+01]
 [ 4.744050e-01]
 [ 2.552937e+00]
 [ 5.095329e+00]
 [-3.097520e+00]
 [ 5.608241e+00]
 [ 7.508902e+00]
 [-2.332950e+00]
 [-8.036000e-01]
 [-1.714600e+01]
 [ 1.284535e+01]
 [ 8.545310e+00]
 [ 5.192237e+00]
 [ 6.112503e+00]
 [-3.090150e+00]
 [ 3.946555e+00]
 [ 3.712755e+00]
 [ 4.973848e+00]
 [ 3.625049e+00]
 [ 5.738367e+00]
 [ 3.477834e+00]
 [-8.932620e+00]
 [-1.882970e+00]
 [ 2.135233e+00]
 [-2.490300e-01]
 [ 2.247330e+00]
 [ 6.895430e-01]
 [ 2.676212e+00]
 [-2.806600e+00]
 [ 6.008116e+00]
 [-3.308420e+00]
 [ 1.303320e-01]
 [ 7.088692e+00]
 [ 7.092010e+00]
 [ 5.252366e+00]
 [ 5.638929e+00]
 [ 4.313995e+00]
 [ 3.879258e+00]
 [ 2.082380e+00]
 [ 7.841177e+00]
 [ 1.016015e+01]
 [ 8.092379e+00]
 [-6.438240e+00]
 [ 6.366809e+00]
 [ 6.851898e+00]
 [ 2.941002e+00]
 [ 7.246863e+00]
 [ 3.282080e+00]
 [ 6.771310e-01]
 [-1.553720e+00]
 [-1.132650e+00]
 [-1.078620e+00]
 [ 2.010580e+00]
 [ 2.509557e+00]
 [ 5.176600e-01]
 [-2.258860e+00]
 [ 4.287862e+00]
 [ 3.800000e+00]
 [ 0.000000e+00]
 [ 3.100000e+00]
 [ 7.000000e-01]
 [-1.600000e+00]
 [ 2.000000e+00]
 [ 2.099720e+00]
 [ 2.862129e+00]
 [ 4.484199e+00]
 [ 3.894905e+00]
 [ 3.072597e+00]
 [ 3.919771e+00]
 [ 4.131612e+00]
 [ 3.922872e+00]
 [ 5.794531e+00]
 [ 5.060993e+00]
 [ 5.991420e-01]
 [ 5.652434e+00]
 [ 3.273747e+00]
 [-3.351700e-01]
 [-4.300730e+00]
 [-5.479040e+00]
 [-9.132490e+00]
 [-7.300490e+00]
 [-3.241430e+00]
 [ 7.397770e-01]
 [-2.909000e-01]
 [-2.443100e-01]
 [ 5.583755e+00]
 [ 7.333052e+00]
 [ 6.782834e+00]
 [ 6.375030e+00]
 [ 1.949991e+00]
 [ 7.387266e+00]
 [ 7.809221e+00]
 [ 4.996690e+00]
 [ 4.713456e+00]
 [ 3.759978e+00]
 [ 6.468590e-01]
 [-3.530090e+00]
 [-2.572090e+00]
 [ 4.966980e-01]
 [-6.093400e-01]
 [ 1.430500e-01]
 [ 3.543983e+00]
 [ 3.892387e+00]
 [ 3.942590e+00]
 [ 3.102563e+00]
 [ 3.658249e+00]
 [ 4.838339e+00]
 [ 3.927132e+00]
 [ 4.033741e+00]
 [ 4.948548e+00]
 [ 2.957780e+00]
 [ 4.364090e+00]
 [ 4.993528e+00]
 [ 3.847062e+00]
 [ 3.608869e+00]
 [ 2.332574e+00]
 [ 3.866627e+00]
 [ 2.530790e+00]
 [ 3.152082e+00]
 [ 3.260111e+00]
 [ 5.379777e+00]
 [ 6.304057e+00]
 [ 3.281152e+00]
 [ 5.256750e-01]
 [ 2.869903e+00]
 [ 4.161946e+00]
 [ 2.970025e+00]
 [ 3.697177e+00]
 [ 4.174401e+00]
 [ 4.140044e+00]
 [ 3.092488e+00]
 [ 3.995004e+00]
 [ 5.762305e+00]
 [ 7.869853e+00]
 [-1.227640e+00]
 [ 2.130682e+00]
 [ 1.050069e+01]
 [ 1.038389e+01]
 [ 1.000570e+01]
 [ 4.664421e+00]
 [ 6.684810e-01]
 [ 2.533202e+00]
 [-1.391220e+00]
 [-9.243500e-01]
 [ 4.345691e+00]
 [ 4.188234e+00]
 [ 7.226770e-01]
 [ 6.031390e+00]
 [ 4.609853e+00]
 [ 4.325853e+00]
 [ 9.688000e-02]
 [ 3.252034e+00]
 [ 5.624296e+00]
 [ 6.230032e+00]
 [-1.303260e+00]
 [ 4.062976e+00]
 [ 3.595250e+00]
 [ 4.993719e+00]
 [ 2.901585e+00]
 [-1.889530e+00]
 [ 5.748148e+00]
 [ 2.723193e+00]
 [ 3.754338e+00]
 [ 4.547038e+00]
 [ 6.232303e+00]
 [ 6.050599e+00]
 [ 6.567244e+00]
 [ 6.188327e+00]
 [ 4.231600e+00]
 [-2.431630e+00]
 [ 3.731140e+00]
 [ 3.835691e+00]
 [ 4.128688e+00]
 [ 2.791560e+00]
 [ 3.058081e+00]
 [ 3.840080e+00]
 [ 3.752149e+00]
 [ 1.442019e+01]
 [ 1.441535e+01]
 [ 8.563301e+00]
 [ 6.496854e+00]
 [-2.419330e+00]
 [ 1.723363e+01]
 [-4.064890e+00]
 [-1.405220e+01]
 [-1.051400e+01]
 [-2.752650e+01]
 [-5.176040e+00]
 [ 2.721041e+01]
 [ 8.562525e+00]
 [-8.785190e+00]
 [ 2.152213e+00]
 [-1.020620e+01]
 [ 6.485170e-01]
 [-5.396210e+00]
 [ 6.020874e+00]
 [ 1.383378e+01]
 [ 1.238338e+01]
 [ 2.834728e+00]
 [ 1.039998e+00]
 [-1.511590e+00]
 [ 2.282661e+00]
 [ 5.173283e+00]
 [ 4.820470e-01]
 [ 2.177823e+00]
 [ 8.554590e-01]
 [ 5.858067e+00]
 [ 7.786390e-01]
 [ 7.265551e+00]
 [ 8.734584e+00]
 [ 4.374509e+00]
 [ 3.189804e+00]
 [ 4.999795e+00]
 [ 8.155774e+00]
 [ 2.508570e-01]
 [ 1.007385e+00]
 [ 5.797938e+00]
 [ 2.645718e+00]
 [-7.444560e+00]
 [-1.940700e-01]
 [ 4.603419e+00]
 [-1.320650e+00]
 [ 1.339623e+01]
 [ 3.469888e+00]
 [ 6.489809e+00]
 [ 4.721428e+00]
 [ 4.260229e+00]
 [ 5.656646e+00]
 [ 1.394808e+00]
 [ 8.211300e+00]
 [ 7.186729e+00]
 [ 3.073036e+00]
 [ 3.079329e+00]
 [ 3.325216e+00]
 [ 2.283468e+00]
 [-2.443000e-01]
 [ 4.354373e+00]
 [ 3.085615e+00]
 [-4.283300e-01]
 [ 4.663091e+00]
 [ 5.217414e+00]
 [ 5.813919e+00]
 [ 8.466528e+00]
 [ 1.929640e+00]
 [ 3.343274e+00]
 [ 2.692609e+00]
 [ 5.755827e+00]
 [ 9.634422e+00]
 [ 7.809275e+00]
 [ 1.028995e+01]
 [ 8.500200e+00]
 [ 1.061785e+01]
 [ 9.559889e+00]
 [ 5.803637e+00]
 [ 6.309274e+00]
 [ 3.119509e+00]
 [ 6.681228e+00]
 [ 6.006383e+00]
 [ 5.521667e+00]
 [ 5.208716e+00]
 [-3.935930e+00]
 [-4.626770e+00]
 [ 1.801679e+00]
 [ 2.984908e+00]
 [ 3.715500e-02]
 [ 1.638845e+00]
 [ 8.328379e+00]
 [ 2.555727e+01]
 [ 5.141460e+00]
 [ 2.217389e+01]
 [ 1.708243e+01]
 [ 5.896580e+00]
 [ 4.065617e+00]
 [ 8.822030e-01]
 [ 2.153964e+00]
 [ 9.453798e+00]
 [ 6.912494e+00]
 [ 7.615226e+00]
 [ 5.591976e+00]
 [ 3.773544e+00]
 [ 1.506478e+00]
 [ 1.309050e+00]
 [ 1.755217e+00]
 [ 4.300562e+00]
 [ 7.177555e+00]
 [ 5.937107e+00]
 [ 6.203184e+00]
 [ 4.690349e+00]
 [ 4.192051e+00]
 [ 1.438347e+00]
 [-7.994900e-01]
 [ 3.531970e-01]
 [ 2.632785e+00]
 [ 4.406217e+00]
 [ 4.146839e+00]
 [ 4.749020e-01]
 [ 3.290214e+00]
 [ 2.305389e+00]
 [ 5.996950e-01]
 [ 3.779906e+00]
 [ 5.468600e-01]
 [ 2.932476e+00]
 [ 5.104300e+00]
 [ 5.906666e+00]
 [ 6.472494e+00]
 [ 6.850730e+00]
 [ 2.322830e-01]
 [ 3.306940e+00]
 [ 8.405699e+00]
 [ 6.108264e+00]
 [ 4.563209e+00]
 [ 5.878689e+00]
 [ 5.357117e+00]
 [ 5.718507e+00]
 [ 5.869193e+00]
 [ 5.113718e+00]
 [-2.027100e-01]
 [ 2.640488e+01]
 [ 1.098009e+01]
 [-1.351350e+01]
 [ 1.104913e+01]
 [ 2.180903e+01]
 [ 1.831687e+01]
 [ 2.893919e+00]
 [-2.744780e+00]
 [ 6.946380e-01]
 [ 4.457204e+00]
 [ 1.986165e+00]
 [ 5.534898e+00]
 [ 2.610249e+00]
 [ 4.684856e+00]
 [ 7.297280e-01]
 [ 8.601919e+00]
 [ 5.795244e+00]
 [ 6.045473e+00]
 [ 6.966607e+00]
 [ 6.956365e+00]
 [ 3.509766e+00]
 [ 5.979874e+00]
 [ 3.290939e+00]
 [ 5.597035e+00]
 [ 3.703604e+00]
 [ 1.537656e+00]
 [ 4.760250e-01]
 [ 3.875547e+00]
 [ 3.561582e+00]
 [ 7.238360e-01]
 [ 4.559777e+00]
 [ 1.692374e+00]
 [ 3.466123e+00]
 [ 4.230095e+00]
 [ 4.832963e+00]
 [ 6.739534e+00]
 [ 2.154308e+00]
 [ 6.072039e+00]
 [ 6.901334e+00]
 [ 5.998072e+00]
 [ 1.843045e+00]
 [ 3.121722e+00]
 [ 2.516588e+00]
 [ 2.397154e+00]
 [ 2.667236e+00]
 [ 6.598193e+00]
 [ 8.312677e+00]
 [ 4.212468e+00]
 [-6.571370e+00]
 [ 2.534332e+00]
 [ 1.569776e+00]
 [ 4.074972e+00]
 [ 2.345609e+00]
 [ 8.408820e-01]
 [-5.509500e-01]
 [ 1.131297e+00]
 [ 2.989077e+00]
 [ 6.186939e+00]
 [ 2.791706e+00]
 [ 9.983935e+00]
 [ 3.950978e+00]
 [ 8.463283e+00]
 [ 9.798062e+00]
 [ 5.319932e+00]
 [ 8.644190e+00]
 [ 1.819653e+00]
 [ 4.200648e+00]
 [ 3.820921e+00]
 [ 1.432200e+00]
 [ 1.388428e+00]
 [ 5.709717e+00]
 [ 6.044651e+00]
 [ 8.481003e+00]
 [ 8.239799e+00]
 [ 2.531975e+00]
 [ 3.819470e+00]
 [ 1.629287e+00]
 [ 3.612177e+00]
 [ 3.172443e+00]
 [ 5.178486e+00]
 [ 8.354553e+00]
 [-1.279590e+00]
 [-4.358610e+00]
 [ 4.864969e+00]
 [ 2.539235e+00]
 [-3.525200e-01]
 [ 3.654370e+00]
 [ 5.771916e+00]
 [ 2.861675e+00]
 [ 3.082643e+00]
 [ 3.929365e+00]
 [-1.272620e+00]
 [-2.618480e+00]
 [ 2.006879e+00]
 [ 1.258692e+00]
 [-3.068860e+00]
 [ 2.364000e+00]
 [-2.661810e+00]
 [ 9.854650e+00]
 [ 8.057710e-01]
 [-9.698790e+00]
 [-1.810190e+00]
 [ 9.021060e-01]
 [ 1.704679e+00]
 [ 1.155877e+00]
 [ 1.959106e+00]
 [ 1.178086e+00]
 [ 3.403417e+00]
 [ 4.078893e+00]
 [ 3.130029e+00]
 [-6.309530e+00]
 [ 1.186152e+00]
 [ 2.096560e+00]
 [-7.161000e-02]
 [ 1.712213e+00]
 [ 2.148915e+00]
 [ 3.693493e+00]
 [ 3.932336e+00]
 [ 4.659116e+00]
 [ 4.760065e+00]
 [ 6.017824e+00]
 [-1.267380e+01]
 [ 9.784892e+00]
 [ 5.257004e+00]
 [ 4.602900e+00]
 [ 5.022607e+00]
 [ 6.240578e+00]
 [ 7.128514e+00]
 [-4.013860e+00]
 [ 2.631110e-01]
 [ 1.454392e+00]
 [ 3.027508e+00]
 [ 2.255204e+00]
 [ 3.315854e+00]
 [ 3.116615e+00]
 [ 4.179990e+00]
 [ 1.003466e+01]
 [ 9.388445e+00]
 [ 1.170108e+01]
 [ 8.318662e+00]
 [ 8.010680e-01]
 [ 1.156349e+01]
 [ 7.753058e+00]
 [ 6.653892e+00]
 [ 9.349100e+00]
 [ 7.441827e+00]
 [ 6.942104e+00]
 [ 5.943152e+00]
 [ 6.252231e+00]
 [ 7.761790e+00]
 [-1.025250e+00]
 [ 1.240595e+00]
 [ 5.191932e+00]
 [ 9.937720e+00]
 [ 9.059601e+00]
 [ 9.008527e+00]
 [ 9.545467e+00]
 [ 8.885118e+00]
 [ 9.894943e+00]
 [ 9.212042e+00]
 [ 9.829085e+00]
 [ 1.000270e+01]
 [ 7.322742e+00]
 [-7.359420e+00]
 [ 6.137612e+00]
 [ 8.858868e+00]
 [ 5.176750e-01]
 [ 5.390988e+00]
 [ 5.788499e+00]
 [ 6.783438e+00]
 [ 5.332139e+00]
 [ 5.584847e+00]
 [ 6.298786e+00]
 [ 4.831770e+00]
 [-1.513530e+00]
 [ 7.424847e+00]
 [ 5.293913e+00]
 [ 5.473454e+00]
 [ 4.693723e+00]
 [ 6.006722e+00]
 [ 5.028006e+00]
 [ 4.219851e+00]
 [ 1.842886e+00]
 [-7.329100e-01]
 [-4.584760e+00]
 [ 1.216261e+01]
 [-5.134370e+00]
 [ 8.546105e+00]
 [-1.878590e+00]
 [-5.047100e-01]
 [ 4.790040e+00]
 [ 3.371210e+00]
 [ 3.450288e+00]
 [-2.339920e+00]
 [ 3.735342e+00]
 [-3.226860e+00]
 [ 2.994761e+00]
 [ 5.713579e+00]
 [ 1.900384e+00]
 [ 1.720398e+00]
 [ 4.777585e+00]
 [-1.771300e+00]
 [ 1.788087e+00]
 [ 1.874126e+00]
 [ 5.873637e+00]
 [-3.060730e+00]
 [ 9.819800e+00]
 [ 5.818827e+00]
 [-4.044700e+00]
 [ 2.777805e+00]
 [ 7.712825e+00]
 [-4.304100e-01]
 [ 2.008797e+00]
 [ 6.650040e-01]
 [ 5.978253e+00]
 [ 5.747424e+00]
 [ 8.969422e+00]
 [ 1.886910e+01]
 [ 2.817837e+00]
 [ 1.079967e+00]
 [-1.042080e+00]
 [ 4.773697e+00]
 [ 4.704067e+00]
 [ 5.795078e+00]
 [ 6.090259e+00]
 [ 5.579544e+00]
 [ 1.399996e+00]
 [ 1.999999e+00]
 [ 5.596894e+00]
 [ 2.437237e+00]
 [ 3.559311e+00]
 [ 5.596050e+00]
 [ 7.558222e+00]
 [ 1.081278e+01]
 [ 6.059168e+00]
 [ 2.232663e+00]
 [ 4.793787e+00]
 [ 3.642165e+00]
 [-1.743430e+00]
 [ 8.957372e+00]
 [ 1.386570e+00]
 [ 6.418386e+00]
 [ 6.007652e+00]
 [ 9.271106e+00]
 [-3.250000e-01]
 [ 1.187524e+01]
 [ 2.846203e+00]
 [ 3.411812e+00]
 [ 7.216088e+00]
 [-2.097740e+00]
 [-7.405900e-01]
 [ 1.058800e+01]
 [-5.405450e+00]
 [ 1.237288e+01]
 [-1.560700e+00]
 [ 7.238553e+00]
 [ 1.081333e+00]
 [ 1.912873e+00]
 [ 7.319967e+00]
 [ 3.121450e+00]
 [ 5.961162e+00]
 [ 4.797018e+00]
 [ 3.291640e+00]
 [ 7.574632e+00]
 [ 3.531594e+00]
 [ 5.923278e+00]
 [ 4.243757e+00]
 [ 3.815718e+00]
 [ 5.245697e+00]
 [ 3.009961e+00]
 [ 4.535424e+00]
 [ 2.669494e+00]
 [ 4.549502e+00]
 [ 1.222444e+00]
 [ 3.785458e+00]
 [ 5.119108e+00]
 [ 7.800279e+00]
 [ 5.993440e+00]
 [-1.731680e+00]
 [ 9.288120e-01]
 [-3.936340e+00]
 [ 3.180690e-01]
 [ 2.191805e+00]
 [ 1.284283e+00]
 [ 4.654663e+00]
 [ 9.301190e-01]
 [ 3.492179e+00]
 [ 4.793009e+00]
 [ 1.614661e+00]
 [ 2.705800e+00]
 [-4.311110e+00]
 [ 2.004031e+00]
 [ 5.259210e-01]
 [ 6.496400e-01]
 [-1.642550e+00]
 [ 1.266498e+00]
 [ 6.532828e+00]
 [ 5.216391e+00]
 [ 4.577217e+00]
 [ 3.357955e+00]
 [ 3.008397e+00]
 [ 1.066112e+00]
 [ 5.193740e+00]
 [ 2.289439e+00]
 [ 3.797646e+00]
 [ 5.060592e+00]
 [ 4.540270e+00]
 [ 3.269630e+00]
 [ 3.318906e+00]
 [ 2.572913e+00]
 [ 3.760418e+00]
 [-1.545530e+00]
 [ 1.916065e+00]
 [ 9.621570e-01]
 [ 2.695798e+00]
 [ 2.499417e+00]
 [ 2.018010e+00]
 [ 3.544991e+00]
 [ 4.434295e+00]
 [ 3.471457e+00]
 [ 3.304756e+00]
 [ 2.220723e+00]
 [ 6.417014e+00]
 [ 1.419243e+01]
 [-1.532500e-01]
 [ 5.209454e+00]
 [ 8.368481e+00]
 [-7.838800e+00]
 [-2.647880e+01]
 [ 4.611732e+00]
 [ 5.363290e+00]
 [-8.163600e-01]
 [ 4.613212e+00]
 [-1.566090e+00]
 [-4.081850e+00]
 [-1.017310e+00]
 [-7.063500e-01]
 [-1.244980e+01]
 [-1.697610e+00]
 [-9.306000e-02]
 [-1.907100e-01]
 [ 3.854670e-01]
 [-3.911400e-01]
 [ 3.337612e+00]
 [ 5.911908e+00]
 [ 6.344268e+00]
 [ 3.966651e+00]
 [ 3.711681e+00]
 [ 7.035970e+00]
 [ 4.101590e+00]
 [ 2.960844e+00]
 [ 7.539390e-01]
 [ 2.520733e+00]
 [ 5.312171e+00]
 [ 4.282398e+00]
 [ 3.804865e+00]
 [ 5.076352e+00]
 [ 3.435717e+00]
 [-3.292670e+00]
 [ 4.410099e+00]
 [ 6.316686e+00]
 [ 6.496137e+00]
 [ 4.927094e+00]
 [ 4.785460e+00]
 [ 4.768609e+00]
 [ 4.658759e+00]
 [ 5.672450e+00]
 [ 5.330598e+00]
 [ 4.532961e+00]
 [ 3.923027e+00]
 [ 4.952035e+00]
 [ 5.825551e+00]
 [ 4.160767e+00]
 [ 3.869332e+00]
 [ 4.372510e+00]
 [ 4.564618e+00]
 [ 1.598266e+00]
 [ 2.353350e-01]
 [ 3.972771e+00]
 [ 6.052445e+00]
 [ 5.553318e+00]
 [ 4.042326e+00]
 [ 1.753377e+00]
 [-2.553500e-01]
 [ 1.038285e+00]
 [ 1.932439e+00]
 [ 3.084674e+00]
 [ 3.574403e+00]
 [ 2.845312e+00]
 [ 5.055454e+00]
 [ 4.153951e+00]
 [ 5.027995e+00]
 [ 5.284685e+00]
 [ 2.624397e+00]
 [ 2.013308e+00]
 [ 3.205285e+00]
 [ 2.085328e+00]
 [ 1.437709e+00]
 [ 9.198420e-01]
 [ 3.959038e+00]
 [ 2.624721e+00]
 [ 2.395092e+00]
 [ 2.985055e+00]
 [ 4.807920e-01]
 [-1.691040e+00]
 [ 6.916630e-01]
 [ 9.719350e-01]
 [ 2.721627e+00]
 [ 1.044389e+00]
 [ 1.975117e+00]
 [ 1.970098e+00]
 [ 1.091465e+00]
 [ 4.683730e-01]
 [ 8.134060e-01]
 [ 7.064264e+00]
 [ 3.540192e+00]
 [ 4.211416e+00]
 [ 5.156190e+00]
 [ 3.947698e+00]
 [ 8.048534e+00]
 [ 3.758436e+00]
 [ 1.021570e+01]
 [ 7.920764e+00]
 [ 6.537487e+00]
 [ 6.778378e+00]
 [ 5.065206e+00]
 [ 7.592115e+00]
 [ 5.501654e+00]
 [ 6.452343e+00]
 [ 7.625279e+00]
 [ 4.959769e+00]
 [ 4.458587e+00]
 [ 5.061568e+00]
 [ 7.705898e+00]
 [ 1.757748e+00]
 [ 3.737416e+00]
 [ 4.962609e+00]
 [ 4.846581e+00]
 [ 1.014396e+00]
 [ 2.550234e+00]
 [ 3.660133e+00]
 [ 4.260088e+00]
 [ 1.982484e+00]
 [ 3.224430e+00]
 [ 4.846321e+00]
 [ 7.368571e+00]
 [ 7.667304e+00]
 [ 6.177542e+00]
 [ 4.832817e+00]
 [ 1.701405e+00]
 [ 2.831659e+00]
 [ 1.606692e+00]
 [ 2.748403e+00]
 [ 3.507033e+00]
 [ 4.396457e+00]
 [ 4.674708e+00]
 [ 4.731147e+00]
 [ 5.526736e+00]
 [ 9.616138e+00]
 [ 4.582813e+00]
 [ 5.364310e+00]
 [ 2.448320e+00]
 [ 1.740919e+00]
 [ 1.664461e+00]
 [ 1.094026e+00]
 [ 9.792644e+00]
 [ 4.514751e+00]
 [ 1.308448e+01]
 [ 9.206809e+00]
 [ 5.348456e+00]
 [-4.491360e+00]
 [ 2.709474e+00]
 [ 4.942234e+00]
 [ 3.567788e+00]
 [-1.809060e+00]
 [-1.337980e+01]
 [ 1.562247e+00]
 [ 8.098993e+00]
 [ 9.419006e+00]
 [ 8.201681e+00]
 [ 5.455744e+00]
 [ 2.850147e+00]
 [ 1.751679e+00]
 [ 4.079703e+00]
 [ 6.460990e+00]
 [ 7.341501e+00]
 [ 3.917207e+00]
 [ 2.715373e+00]
 [ 5.742730e-01]
 [ 2.229150e+00]
 [ 4.205496e+00]
 [ 7.522080e+00]
 [ 7.191279e+00]
 [ 8.652466e+00]
 [ 1.198399e+01]
 [ 9.855655e+00]
 [ 1.242992e+00]
 [ 5.827993e+00]
 [ 1.131363e+01]
 [ 9.778828e+00]
 [ 6.903437e+00]
 [ 5.066613e+00]
 [ 5.575765e+00]
 [ 4.988592e+00]
 [ 4.590540e+00]
 [ 3.477535e+00]
 [ 6.276935e+00]
 [ 9.386835e+00]
 [ 4.300863e+00]
 [ 1.447111e+00]
 [ 3.490640e-01]
 [-2.642500e+00]
 [ 4.090751e+00]
 [ 5.943335e+00]
 [ 5.552042e+00]
 [-2.227200e-01]
 [-1.040810e+01]
 [ 3.608287e+00]
 [ 2.061132e+00]
 [ 9.425962e+00]
 [ 9.726146e+00]
 [-9.441270e+00]
 [-1.231200e+01]
 [-4.982560e+00]
 [ 2.219259e+00]
 [-5.405100e-01]
 [ 5.243577e+00]
 [ 1.230837e+01]
 [ 7.411395e+00]
 [ 2.798973e+00]
 [ 6.476824e+00]
 [-3.915400e-01]
 [ 1.494911e+00]
 [ 2.694371e+00]
 [ 6.178920e-01]
 [ 5.453529e+00]
 [ 4.165023e+00]
 [ 4.958203e+00]
 [ 6.285060e+00]
 [ 7.528899e+00]
 [ 8.518388e+00]
 [ 9.126568e+00]
 [ 1.095824e+00]
 [ 8.332459e+00]
 [ 6.327192e+00]
 [ 6.139725e+00]
 [ 5.852518e+00]
 [ 2.376023e+00]
 [ 3.251370e+00]
 [ 3.951309e+00]
 [ 5.428631e+00]
 [ 5.446791e+00]
 [ 8.920647e+00]
 [ 3.558115e+00]
 [ 5.564774e+00]
 [ 8.806631e+00]
 [ 5.602056e+00]
 [ 5.172103e+00]
 [ 5.639676e+00]
 [ 5.148911e+00]
 [ 3.423269e+00]
 [ 3.619328e+00]
 [ 1.874616e+00]
 [-7.323680e+00]
 [-7.306610e+00]
 [ 3.416783e+00]
 [ 4.311635e+00]
 [ 6.752544e+00]
 [ 6.205311e+00]
 [ 3.036966e+00]
 [-5.783300e-01]
 [ 3.376030e-01]
 [ 2.116307e+00]
 [ 4.387623e+00]
 [ 4.678692e+00]
 [ 5.845873e+00]
 [ 5.185362e+00]
 [-5.767200e-01]
 [ 3.081916e+00]
 [ 4.411222e+00]
 [ 2.893987e+00]
 [ 3.645903e+00]
 [ 4.970369e+00]
 [ 6.697624e+00]
 [ 4.777668e+00]
 [ 5.242960e+00]
 [ 6.616662e+00]
 [ 4.152757e+00]
 [ 1.148332e+00]
 [ 7.632265e+00]
 [ 3.659752e+00]
 [ 6.683819e+00]
 [ 7.064024e+00]
 [ 6.145299e+00]
 [ 6.066549e+00]
 [ 6.875715e+00]
 [ 6.631652e+00]
 [ 8.015696e+00]
 [ 1.120067e+01]
 [ 1.142860e+00]
 [-4.347630e+00]
 [ 6.900231e+00]
 [ 5.602597e+00]
 [ 2.815966e+00]
 [ 5.638937e+00]
 [ 4.589340e+00]
 [ 1.618103e+00]
 [ 2.135375e+00]
 [-1.731100e-01]
 [-1.879980e+00]
 [ 2.807440e+00]
 [ 4.140956e+00]
 [ 6.381394e+00]
 [ 7.489108e+00]
 [ 6.440639e+00]
 [ 3.950523e+00]
 [ 4.368206e+00]
 [ 1.089477e+00]
 [-2.043280e+00]
 [ 9.648380e-01]
 [ 4.282780e+00]
 [ 3.496683e+00]
 [ 4.426210e+00]
 [ 4.791772e+00]
 [ 3.888213e+00]
 [ 3.787494e+00]
 [ 1.943305e+00]
 [ 7.687960e-01]
 [-9.342100e-01]
 [ 1.811583e+00]
 [ 7.667840e-01]
 [ 1.553054e+00]
 [ 2.492002e+00]
 [ 1.992720e-01]
 [-2.978100e+00]
 [ 1.898691e+00]
 [-1.826850e+00]
 [-4.028260e+00]
 [-1.130160e+00]
 [ 8.931880e-01]
 [ 1.822067e+00]
 [ 1.619415e+00]
 [ 1.206641e+00]
 [ 2.630680e-01]
 [ 3.438088e+00]
 [ 1.409824e+00]
 [-2.113830e+00]
 [ 1.950458e+01]
 [ 1.994109e+00]
 [ 9.150841e+00]
 [ 1.186991e+01]
 [ 8.951612e+00]
 [ 5.436199e+00]
 [ 1.810846e+00]
 [ 5.980350e+00]
 [-4.240770e+00]
 [ 4.402748e+00]
 [ 5.472137e+00]
 [-2.404000e-02]
 [ 4.498825e+00]
 [-3.653000e-02]
 [-2.399290e+00]
 [-2.514380e+00]
 [ 5.872725e+00]
 [-8.108690e+00]
 [-5.024810e+01]
 [ 3.522408e+01]
 [ 1.274570e+01]
 [ 1.384975e+01]
 [ 8.858669e+00]
 [ 4.322378e+00]
 [ 8.370908e+00]
 [ 8.484582e+00]
 [ 1.319207e+01]
 [ 2.202372e+00]
 [ 7.447676e+00]
 [ 9.377916e+00]
 [ 9.227076e+00]
 [ 7.633287e+00]
 [ 1.116124e+01]
 [ 6.248263e+00]
 [ 7.334639e+00]
 [ 8.017107e+00]
 [ 8.645729e+00]
 [ 4.658873e+00]
 [ 7.624576e+00]
 [ 8.867977e+00]
 [ 5.981315e+00]
 [-1.404500e-01]
 [ 6.383209e+00]
 [-5.583240e+00]
 [ 4.200776e+00]
 [ 7.535663e+00]
 [ 8.920504e+00]
 [-2.682910e+00]
 [-3.953930e+00]
 [ 7.001686e+00]
 [-3.310650e+00]
 [ 5.069516e+00]
 [ 7.843065e+00]
 [-5.326390e+00]
 [ 3.745764e+00]
 [ 3.283471e+00]
 [ 3.113340e+00]
 [ 6.094375e+00]
 [-5.924300e-01]
 [ 3.977856e+00]
 [-6.756400e-01]
 [ 2.555825e+00]
 [ 1.242647e+00]
 [ 1.300780e+00]
 [-1.733000e-02]
 [ 5.363473e+00]
 [ 2.012125e+00]
 [ 3.124033e+00]
 [ 5.898673e+00]
 [ 6.359843e+00]
 [ 3.186639e+00]
 [ 4.580916e+00]
 [ 6.548040e-01]
 [ 6.683228e+00]
 [ 5.870772e+00]
 [ 5.622607e+00]
 [ 2.461570e+00]
 [ 4.938485e+00]
 [ 3.682524e+00]
 [ 2.423176e+00]
 [ 4.179363e+00]
 [ 1.761118e+00]
 [ 4.411180e+00]
 [ 3.455472e+00]
 [ 4.075083e+00]
 [ 6.456908e+00]
 [ 6.741818e+00]
 [ 1.208124e+01]
 [ 1.352659e+01]
 [ 1.112795e+01]
 [ 6.467887e+00]
 [ 4.609005e+00]
 [ 7.436719e+00]
 [ 7.486152e+00]
 [ 8.703186e+00]
 [ 9.419557e+00]
 [ 1.002677e+01]
 [ 1.068384e+01]
 [ 7.172454e+00]
 [ 8.540484e+00]
 [ 8.800553e+00]
 [-6.870400e-01]
 [ 1.327634e+00]
 [ 1.075688e+01]
 [ 1.111519e+01]
 [ 1.018318e+01]
 [ 1.004421e+01]
 [ 6.687076e+00]
 [ 7.087601e+00]
 [ 1.153739e+01]
 [ 1.092546e+01]
 [ 7.028046e+00]
 [ 7.531934e+00]
 [ 8.291118e+00]
 [-2.225230e+00]
 [ 6.095204e+00]
 [ 8.897544e+00]
 [-9.522900e-01]
 [ 4.211687e+00]
 [ 4.435328e+00]
 [ 9.549175e+00]
 [ 7.489157e+00]
 [ 8.860196e+00]
 [ 9.111527e+00]
 [ 1.787620e+00]
 [-6.033900e-01]
 [ 1.524038e+01]
 [ 6.350673e+00]
 [ 4.083298e+00]
 [ 5.111087e+00]
 [ 3.883887e+00]
 [ 2.241058e+00]
 [ 2.397021e+00]
 [ 4.278970e+00]
 [ 1.654762e+00]
 [ 4.571998e+00]
 [ 6.111054e+00]
 [ 1.695448e+00]
 [ 2.249904e+00]
 [-9.404000e-02]
 [ 3.014549e+00]
 [ 3.790504e+00]
 [ 6.620585e+00]
 [ 5.360737e+00]
 [-3.833900e-01]
 [-1.846540e+00]
 [ 5.099115e+00]
 [-1.211480e+00]
 [ 1.783500e-02]
 [ 2.100735e+00]
 [ 4.200133e+00]
 [ 2.394784e+00]
 [-3.177900e-01]
 [-1.018220e+00]
 [-2.137060e+00]
 [ 1.233520e+00]
 [ 3.234143e+00]
 [ 3.115634e+00]
 [ 4.306728e+00]
 [ 2.646829e+00]
 [ 5.173600e-01]
 [ 2.358108e+00]
 [ 4.154545e+00]
 [ 2.735495e+00]
 [ 3.667797e+00]
 [ 2.949078e+00]
 [ 4.554570e+00]
 [ 5.277112e+00]
 [ 5.603665e+00]
 [ 5.360465e+00]
 [ 3.191052e+00]
 [-1.538100e+00]
 [ 3.039777e+00]
 [ 3.284165e+00]
 [ 2.213354e+00]
 [ 2.485186e+00]
 [ 1.847008e+00]
 [ 1.279538e+00]
 [ 5.653630e-01]
 [ 1.306905e+00]
 [-4.104800e-01]
 [ 7.057399e+00]
 [ 3.845831e+00]
 [ 6.126233e+00]
 [ 3.335107e+00]
 [ 5.100590e+00]
 [ 5.653837e+00]
 [ 6.403557e+00]
 [ 5.846027e+00]
 [ 5.699525e+00]
 [ 4.141496e+00]
 [ 4.813991e+00]
 [ 5.099147e+00]
 [ 4.999406e+00]
 [ 4.355547e+00]
 [ 1.725611e+00]
 [ 2.472685e+00]
 [ 2.299301e+00]
 [ 6.399995e+00]
 [ 4.599987e+00]
 [ 4.399991e+00]
 [ 6.900063e+00]
 [ 5.599919e+00]
 [ 5.500085e+00]
 [ 3.799967e+00]
 [ 6.405400e+00]
 [ 4.698423e+00]
 [ 4.300540e+00]
 [ 6.000033e+00]
 [-1.545410e+00]
 [ 3.964676e+00]
 [ 5.940269e+00]
 [ 5.445061e+00]
 [ 6.241748e+00]
 [ 7.668292e+00]
 [ 6.796826e+00]
 [ 5.950088e+00]
 [ 3.538912e+00]
 [ 8.015959e+00]
 [ 8.404738e+00]
 [ 9.144579e+00]
 [ 3.395723e+00]
 [ 4.960707e+00]
 [ 5.007683e+00]
 [ 4.468830e+00]
 [ 2.247314e+00]
 [-5.070990e+00]
 [ 6.321950e-01]
 [ 1.144529e+01]
 [ 1.571347e+01]
 [ 1.666522e+01]
 [ 6.223854e+00]
 [-5.930990e+00]
 [-5.018600e+00]
 [ 1.524310e+00]
 [ 7.437564e+00]
 [ 5.958666e+00]
 [ 2.062502e+00]
 [-5.008910e+00]
 [-6.281040e+00]
 [ 5.413811e+00]
 [ 1.422088e+01]
 [-3.310900e-01]
 [ 8.931394e+00]
 [-5.470050e+00]
 [ 7.510911e+00]
 [ 6.577861e+00]
 [ 4.568749e+00]
 [ 1.006228e+00]
 [ 5.997092e+00]
 [ 5.919125e+00]
 [ 1.056674e+01]
 [ 4.308504e+00]
 [ 3.104096e+00]
 [ 6.345868e+00]
 [ 6.500360e+00]
 [ 6.427274e+00]
 [ 7.734592e+00]
 [ 3.883307e+00]
 [ 7.489738e+00]
 [ 1.006431e+01]
 [ 1.152191e+01]
 [ 7.801963e+00]
 [ 3.241848e+00]
 [ 3.469335e+00]
 [-1.967730e+00]
 [ 5.215590e-01]
 [ 4.394711e+00]
 [ 2.679412e+00]
 [ 4.906045e+00]
 [ 4.700000e+00]
 [ 9.446460e-01]
 [ 2.288739e+00]
 [ 3.967981e+00]
 [ 3.198196e+00]
 [ 2.552863e+00]
 [ 1.058105e+00]
 [-1.596260e+00]
 [ 1.751548e+00]
 [ 3.840004e+00]
 [ 1.699971e+00]
 [ 4.548300e-01]
 [ 1.248665e+00]
 [ 1.900639e+00]
 [ 4.229535e+00]
 [ 2.160374e+00]
 [ 2.691323e+00]
 [ 3.353843e+00]
 [ 2.559039e+00]
 [ 2.654807e+00]
 [ 7.546750e-01]
 [-1.145970e+00]
 [-1.158590e+00]
 [-2.065620e+00]
 [ 4.087602e+00]
 [ 4.024307e+00]
 [ 1.517861e+00]
 [ 2.900483e+00]
 [ 4.226792e+00]
 [ 4.530153e+00]
 [ 4.735287e+00]
 [ 1.563410e+00]
 [ 2.073577e+00]
 [ 2.385740e+00]
 [ 4.320530e+00]
 [ 2.818330e+00]
 [ 4.688127e+00]
 [ 3.404949e+00]
 [-5.570500e-01]
 [-5.184660e+00]
 [ 5.988927e+00]
 [ 2.664408e+00]
 [-2.863200e-01]
 [ 1.241205e+00]
 [ 2.604327e+00]
 [ 4.521969e+00]
 [ 3.234942e+00]
 [ 4.895374e+00]
 [ 4.278508e+00]
 [ 1.023643e+01]
 [ 4.466253e+00]
 [ 4.970405e+00]
 [ 9.326811e+00]
 [ 9.843463e+00]
 [ 1.029575e+01]
 [ 5.371767e+00]
 [ 5.173541e+00]
 [ 5.906868e+00]
 [ 5.352349e+00]
 [ 5.584202e+00]
 [ 5.752430e+00]
 [ 4.647240e+00]
 [ 5.533828e+00]
 [ 9.518946e+00]
 [ 1.328811e+01]
 [ 1.219051e+01]
 [ 1.116716e+01]
 [ 8.558260e+00]
 [ 8.083388e+00]
 [ 8.251043e+00]
 [ 7.996905e+00]
 [ 8.120262e+00]
 [ 5.652374e+00]
 [-2.753590e+00]
 [-7.633730e+00]
 [ 4.572298e+00]
 [ 4.455676e+00]
 [ 3.444244e+00]
 [ 6.148880e+00]
 [ 7.189330e+00]
 [ 6.289289e+00]
 [ 4.187835e+00]
 [ 4.967917e+00]
 [ 5.435093e+00]
 [ 1.725668e+00]
 [-6.907300e-01]
 [ 7.513591e+00]
 [ 8.399590e-01]
 [ 7.242787e+00]
 [ 2.687380e+00]
 [ 9.844140e-01]
 [ 3.020174e+00]
 [ 3.282683e+00]
 [ 0.000000e+00]
 [ 7.625158e+00]
 [ 3.837484e+00]
 [ 4.832849e+00]
 [ 2.440541e+00]
 [-2.051520e+00]
 [ 6.959085e+00]
 [ 1.104543e+01]
 [-5.167740e+00]
 [ 1.457696e+01]
 [-3.315190e+00]
 [-3.582400e+00]
 [-5.414010e+00]
 [ 5.555555e+00]
 [ 5.555552e+00]
 [ 1.586504e+00]
 [ 5.101620e-01]
 [ 6.642370e+00]
 [ 4.060022e+00]
 [-2.436600e-01]
 [-6.999700e-01]
 [-3.980690e+00]
 [-1.509580e+01]
 [ 1.498241e+01]
 [ 7.845832e+00]
 [ 8.836212e+00]
 [ 1.437738e+01]
 [-2.299880e+00]
 [ 2.481751e+00]
 [-7.834800e-01]
 [-1.626810e+00]
 [-9.221500e-01]
 [ 4.954398e+00]
 [ 2.119065e+00]
 [ 1.180407e+00]
 [ 4.052413e+00]
 [ 2.290454e+00]
 [ 2.225480e+00]
 [ 3.510297e+00]
 [ 3.995679e+00]
 [ 4.883764e+00]
 [ 4.820344e+00]
 [ 3.967793e+00]
 [ 5.871726e+00]
 [ 5.384842e+00]
 [ 5.398146e+00]
 [-2.517100e-01]
 [-1.319570e+00]
 [ 2.752000e-01]
 [ 2.895345e+00]
 [ 6.096914e+00]
 [ 3.935470e+00]
 [ 1.455461e+00]
 [ 5.373985e+00]
 [ 6.199117e+00]
 [ 5.843401e+00]
 [ 1.559560e+00]
 [-9.757870e+00]
 [-1.027440e+01]
 [-1.142620e+00]
 [ 1.466536e+00]
 [ 8.809808e+00]
 [ 7.993137e+00]
 [ 1.480937e+00]
 [ 1.103901e+00]
 [ 2.973480e-01]
 [ 3.538809e+00]
 [ 7.931588e+00]
 [ 2.657546e+00]
 [ 7.281343e+00]
 [-1.447600e+00]
 [ 5.577958e+00]
 [ 8.547683e+00]
 [ 4.518890e+00]
 [-1.939210e+00]
 [-1.929930e+00]
 [-3.844130e+00]
 [-7.732010e+00]
 [ 8.052840e-01]
 [ 5.004160e+00]
 [ 7.460132e+00]
 [ 4.098577e+00]
 [ 6.541511e+00]
 [ 7.176145e+00]
 [ 4.243494e+00]
 [ 7.803410e+00]
 [ 5.162133e+00]
 [ 3.538179e+00]
 [ 4.637539e+00]
 [ 3.238791e+00]
 [ 3.707410e-01]
 [ 1.689798e+00]]