Interpolated tertiary education values per country:

            Country                      variable      1996      1997      1998      1999      2000      2001      2002      2003      2004      2005      2006      2007      2008      2009      2010      2011      2012      2013      2014      2015      2016      2017      2018      2019      2020      2021      2022      2023
        Afghanistan Tertiary_education_attainment  7.191823  7.384101  7.570467  7.744556  7.900000  8.041760  8.176480  8.300320  8.409440  8.500000  8.582400  8.663200  8.732800  8.781600  8.800000  8.800000  8.800000  8.800000  8.800000  8.800000  8.740693  8.590080  8.389120  8.178773  8.000000  7.862172  7.737716  7.612175
             Africa Tertiary_education_attainment  3.736633  3.840434  3.936971  4.035510  4.145311  4.267734  4.397297  4.533008  4.673874  4.818901  4.996665  5.208303  5.411662  5.564589  5.624932  5.617971  5.601372  5.581561  5.564962  5.558001  5.601436  5.715129  5.874159  6.053609  6.228558  6.403878  6.599717  6.814062
              Italy Tertiary_education_attainment  9.344578  9.802014 10.247161 10.654872 11.000000 11.269091 11.488727 11.693818 11.919273 12.200000 12.654400 13.275200 13.908800 14.401600 14.600000 14.579200 14.529600 14.470400 14.420800 14.400000 14.503636 14.770909 15.136364 15.534545 15.900000 16.233295 16.579156 16.938371
              Japan Tertiary_education_attainment 28.426380 29.340811 30.302052 31.268862 32.200000 33.092516 33.974080 34.849387 35.723129 36.600000 37.511289 38.453867 39.380800 40.245156 41.000000 41.630973 42.183587 42.700714 43.225227 43.800000 44.480072 45.239183 45.998258 46.678222 47.200000 47.566449 47.859755 48.119837
             Jordan Tertiary_education_attainment 12.870191 12.921772 12.968258 13.023163 13.100000 13.217363 13.381319 13.586593 13.827912 14.100000 14.542857 15.185714 15.857143 16.385714 16.600000 16.600000 16.600000 16.600000 16.600000 16.600000 16.765574 17.196721 17.795082 18.462295 19.100000 19.725385 20.411958 21.145839
              Kenya Tertiary_education_attainment  3.839424  4.084271  4.339406  4.609695  4.900000  5.219807  5.569099  5.938487  6.318583  6.700000  7.150526  7.676842  8.177895  8.552632  8.700000  8.683467  8.642400  8.589600  8.537867  8.500000  8.476800  8.458400  8.441600  8.423200  8.400000  8.362133  8.310400  8.257600
             Kuwait Tertiary_education_attainment 13.176352 12.613056 11.871584 11.113408 10.500000  9.969792  9.410016  8.905344  8.540448  8.400000  8.410400  8.435200  8.464800  8.489600  8.500000  8.361527  8.020582  7.588873  7.178109  6.900000  6.725891  6.563127  6.427418  6.334473  6.300000  6.335520  6.430560  6.567840
            Lesotho Tertiary_education_attainment  1.174514  1.257257  1.342743  1.425486  1.500000  1.565486  1.626171  1.684114  1.741371  1.800000  1.869600  1.948800  2.023200  2.078400  2.100000  2.073760  2.005280  1.909920  1.803040  1.700000  1.581646  1.436137  1.289806  1.168983  1.100000  1.067657  1.040114  1.018743
              Libya Tertiary_education_attainment  3.863314  4.028608  4.222245  4.470588  4.800000  5.517086  6.768776  8.341924 10.023381 11.600000 13.116225 14.716894 16.339450 17.921338 19.400000 20.757615 22.041410 23.286396 24.527588 25.800000 27.103851 28.415922 29.736067 31.064142 32.400000 33.733503 35.064866 36.409479
         Luxembourg Tertiary_education_attainment 16.451276 16.973829 17.510743 18.105105 18.800000 19.622722 20.576737 21.669391 22.908030 24.300000 26.395894 29.266381 32.198920 34.480973 35.400000 35.284574 34.985723 34.574585 34.122297 33.700000 33.294465 32.855704 32.399709 31.942477 31.500000 31.055422 30.597986 30.152839
             Malawi Tertiary_education_attainment  0.500000  0.500000  0.500000  0.500000  0.500000  0.489600  0.464800  0.435200  0.410400  0.400000  0.400000  0.400000  0.400000  0.400000  0.400000  0.392800  0.374400  0.349600  0.323200  0.300000  0.280000  0.260000  0.240000  0.220000  0.200000  0.176800  0.150400  0.125600
           Malaysia Tertiary_education_attainment  8.927433  8.942662  8.954175  8.970458  9.000000  9.294151  9.991652 10.932078 11.955003 12.900000 13.779386 14.703087 15.657096 16.627403 17.600000 18.599981 19.637058 20.674143 21.674153 22.600000 23.435611 24.211148 24.958879 25.711073 26.500000 27.322794 28.158724 29.013257
               Mali Tertiary_education_attainment  0.722667  0.740000  0.756000  0.774667  0.800000  0.836000  0.884000  0.944000  1.016000  1.100000  1.251200  1.481600  1.726400  1.920800  2.000000  2.000000  2.000000  2.000000  2.000000  2.000000  1.958400  1.859200  1.740800  1.641600  1.600000  1.617236  1.663709  1.731564
              Malta Tertiary_education_attainment  7.872199  8.182375  8.526452  8.900352  9.300000  9.747263 10.252393 10.793891 11.350260 11.900000 12.479506 13.103408 13.717557 14.267803 14.700000 15.005030 15.240945 15.454344 15.691829 16.000000 16.426125 16.963517 17.577847 18.234785 18.900000 19.594663 20.346496 21.130997
          Mauritius Tertiary_education_attainment  2.378857  2.488571  2.618857  2.759429  2.900000  3.033425  3.167703  3.315269  3.488556  3.700000  4.072865  4.624995  5.210692  5.684260  5.900000  5.929401  5.946291  5.958480  5.973779  6.000000  6.055543  6.149486  6.275657  6.427886  6.600000  6.827859  7.139576  7.517365
             Mexico Tertiary_education_attainment 11.337158 11.748517 12.161297 12.602718 13.100000 13.697272 14.386673 15.117438 15.838802 16.500000 17.130524 17.766539 18.367293 18.892031 19.300000 19.588640 19.810720 20.008480 20.224160 20.500000 20.874528 21.335584 21.849376 22.382112 22.900000 23.398081 23.899203 24.411285
            Morocco Tertiary_education_attainment  7.151890  7.502757  7.837678  8.141733  8.400000  8.610740  8.791741  8.957371  9.122001  9.300000  9.493263  9.692421  9.894947 10.098316 10.300000 10.494667 10.684000 10.876000 11.078667 11.300000 11.544533 11.809600 12.092400 12.390133 12.700000 13.022971 13.362914 13.721371
         Mozambique Tertiary_education_attainment  0.400000  0.400000  0.400000  0.400000  0.400000  0.410400  0.435200  0.464800  0.489600  0.500000  0.500000  0.500000  0.500000  0.500000  0.500000  0.510400  0.535200  0.564800  0.589600  0.600000  0.589600  0.564800  0.535200  0.510400  0.500000  0.500000  0.500000  0.500000
            Myanmar Tertiary_education_attainment  4.935733  4.967200  5.000800  5.042933  5.100000  5.204000  5.372000  5.588000  5.836000  6.100000  6.407556  6.782667  7.204000  7.650222  8.100000  8.553410  9.026897  9.523678 10.046973 10.600000 11.191612 11.824077 12.490736 13.184930 13.900000 14.644809 15.426481 16.235750
              Nepal Tertiary_education_attainment  4.000000  4.000000  4.000000  4.000000  4.000000  3.994720  3.980160  3.958240  3.930880  3.900000  3.837920  3.736160  3.625440  3.536480  3.500000  3.500000  3.500000  3.500000  3.500000  3.500000  3.445867  3.309600  3.130400  2.947467  2.800000  2.685333  2.576000  2.474000
        Netherlands Tertiary_education_attainment 22.606367 23.183863 23.748175 24.314992 24.900000 25.489579 26.073536 26.672704 27.307915 28.000000 28.923179 30.072576 31.200384 32.058795 32.400000 32.317333 32.112000 31.848000 31.589333 31.400000 31.278667 31.176000 31.084000 30.994667 30.900000 30.793143 30.679429 30.569143
        New Zealand Tertiary_education_attainment 41.063704 41.231111 41.466667 41.734815 42.000000 42.337985 42.779733 43.222489 43.563496 43.700000 43.402057 42.674171 41.765257 40.924229 40.400000 40.125371 39.879543 39.681029 39.548343 39.500000 39.526400 39.591200 39.672800 39.749600 39.800000 39.826400 39.847200 39.864800
          Nicaragua Tertiary_education_attainment 10.374514 10.457257 10.542743 10.625486 10.700000 10.761122 10.813081 10.864478 10.923917 11.000000 11.113455 11.267636 11.445091 11.628364 11.800000 11.950784 12.092352 12.238528 12.403136 12.600000 12.852376 13.164009 13.519453 13.903265 14.300000 14.720306 15.179259 15.668060
              Niger Tertiary_education_attainment  0.733600  0.776800  0.823200  0.866400  0.900000  0.923200  0.941600  0.958400  0.976800  1.000000  1.037867  1.089600  1.142400  1.183467  1.200000  1.200000  1.200000  1.200000  1.200000  1.200000  1.216533  1.257600  1.310400  1.362133  1.400000  1.423200  1.441600  1.458400
      North America Tertiary_education_attainment 35.539132 36.335075 37.259885 38.150541 38.844025 39.331626 39.741939 40.117904 40.502458 40.938540 41.524383 42.234987 42.928442 43.462837 43.696262 43.723320 43.738356 43.749069 43.763159 43.788326 43.869147 44.025342 44.227323 44.445501 44.650290 44.843183 45.044546 45.253100
             Norway Tertiary_education_attainment 24.938269 25.885552 26.913701 27.894567 28.700000 29.351086 29.951257 30.495886 30.980343 31.400000 31.802857 32.205714 32.557143 32.805714 32.900000 32.754400 32.407200 31.992800 31.645600 31.500000 31.521600 31.576800 31.651200 31.730400 31.800000 31.858629 31.915886 31.973829
           Pakistan Tertiary_education_attainment  5.061991  5.790240  6.517493  7.076498  7.300000  7.237600  7.088800  6.911200  6.762400  6.700000  6.720800  6.770400  6.829600  6.879200  6.900000  6.754400  6.407200  5.992800  5.645600  5.500000  5.528800  5.602400  5.701600  5.807200  5.900000  5.978578  6.055733  6.133600
             Panama Tertiary_education_attainment 18.721725 19.738019 20.783451 21.692589 22.300000 22.636632 22.880211 23.085474 23.307158 23.600000 24.080381 24.729143 25.397714 25.937524 26.200000 26.257250 26.290606 26.315337 26.346712 26.400000 26.529149 26.756247 27.048771 27.374196 27.700000 28.032897 28.400509 28.801673
           Paraguay Tertiary_education_attainment  8.031200  8.105600  8.194400  8.268800  8.300000  7.894400  6.927200  5.772800  4.805600  4.400000  5.138400  6.899200  9.000800 10.761600 11.500000 11.364800 11.042400 10.657600 10.335200 10.200000 10.234473 10.327418 10.463127 10.625891 10.800000 11.015670 11.301556 11.639606
               Peru Tertiary_education_attainment 23.403796 24.312710 25.209725 26.177827 27.300000 28.937997 31.069747 33.202498 34.843499 35.500000 34.239178 31.197534 27.486301 24.216712 22.500000 22.008272 21.644652 21.366897 21.132760 20.900000 20.644280 20.388224 20.160028 19.987888 19.900000 19.866327 19.838618 19.817745
        Philippines Tertiary_education_attainment 23.002219 24.078496 25.113664 25.892555 26.200000 26.171200 26.097600 25.998400 25.892800 25.800000 25.707200 25.601600 25.502400 25.428800 25.400000 25.539535 25.898605 26.387907 26.918140 27.400000 27.829740 28.267731 28.720852 29.195982 29.700000 30.236761 30.805378 31.405614
             Poland Tertiary_education_attainment 10.931300 11.629900 12.412850 13.197200 13.900000 14.476368 14.983853 15.493155 16.074971 16.800000 18.052929 19.854545 21.729697 23.203232 23.800000 23.789600 23.764800 23.735200 23.710400 23.700000 23.783446 23.998338 24.291508 24.609785 24.900000 25.167875 25.449470 25.737128
           Portugal Tertiary_education_attainment 11.119053 11.971935 12.845290 13.525763 13.800000 13.768800 13.694400 13.605600 13.531200 13.500000 13.666255 14.070764 14.572145 15.029018 15.300000 15.412582 15.496655 15.564436 15.628145 15.700000 15.777440 15.852320 15.928480 16.009760 16.100000 16.198993 16.305779 16.423068
            Reunion Tertiary_education_attainment  1.343840  1.381920  1.418080  1.456160  1.500000  1.552320  1.611360  1.674240  1.738080  1.800000  1.855200  1.905600  1.958400  2.020800  2.100000  2.220884  2.390653  2.589979  2.799537  3.000000  3.193263  3.392421  3.594947  3.798316  4.000000  4.194667  4.384000  4.576000
             Russia Tertiary_education_attainment 47.163433 49.815942 52.566735 55.025018 56.800000 57.938579 58.832055 59.606242 60.386952 61.300000 62.527090 63.991885 65.433136 66.589591 67.200000 67.400255 67.528403 67.626422 67.736295 67.900000 68.172965 68.549357 68.979267 69.412784 69.800000 70.140968 70.469989 70.788526
            Senegal Tertiary_education_attainment  1.588800  1.558400  1.513600  1.459200  1.400000  1.299200  1.145600  0.982400  0.852800  0.800000  1.060000  1.680000  2.420000  3.040000  3.300000  3.268800  3.194400  3.105600  3.031200  3.000000  3.043680  3.159040  3.322560  3.510720  3.700000  3.900292  4.134475  4.398513
             Serbia Tertiary_education_attainment 11.780681 12.724997 13.648972 14.368632 14.700000 14.757350 14.788973 14.811922 14.843247 14.900000 15.270497 16.045309 16.944873 17.689624 18.000000 17.864800 17.542400 17.157600 16.835200 16.700000 16.987546 17.718638 18.695957 19.722184 20.600000 21.327510 22.037126 22.732986
       Sierra Leone Tertiary_education_attainment  0.823200  0.841600  0.858400  0.876800  0.900000  0.930187  0.966560  1.007840  1.052747  1.100000  1.146560  1.194080  1.248320  1.315040  1.400000  1.557945  1.806636  2.096354  2.377381  2.600000  2.760779  2.898126  3.025084  3.154695  3.300000  3.460364  3.628091  3.805636
       South Africa Tertiary_education_attainment  9.395573  9.382720  9.362080  9.334293  9.300000  9.178293  8.923680  8.589920  8.230773  7.900000  7.581838  7.239914  6.897071  6.576152  6.300000  6.038462  5.770769  5.533846  5.364615  5.300000  5.304533  5.317600  5.338400  5.366133  5.400000  5.490933  5.672800  5.919200
      South America Tertiary_education_attainment 11.015087 11.219033 11.411554 11.605375 11.813219 12.027463 12.240026 12.462944 12.708249 12.987977 13.398212 13.941245 14.488416 14.911068 15.080543 15.040764 14.945906 14.832689 14.737831 14.698052 14.707731 14.734632 14.775553 14.827291 14.886643 14.980890 15.129974 15.319686
        South Korea Tertiary_education_attainment 24.448884 25.716201 26.999075 28.294633 29.600000 30.886650 32.156773 33.453572 34.820247 36.300000 37.996900 39.897870 41.870389 43.781939 45.500000 47.023421 48.453693 49.812254 51.120543 52.400000 53.632810 54.807805 55.956394 57.109989 58.300000 59.549068 60.836779 62.129955
              Spain Tertiary_education_attainment 16.368011 18.135557 20.009096 21.795090 23.300000 24.593595 25.832962 26.955530 27.898732 28.600000 29.134497 29.608157 30.004568 30.307320 30.500000 30.613391 30.697565 30.765043 30.828348 30.900000 30.987680 31.083040 31.174560 31.250720 31.300000 31.325760 31.342880 31.357120
          Sri Lanka Tertiary_education_attainment 10.279360 11.721428 13.143815 14.264135 14.800000 14.920994 14.999573 15.057655 15.117158 15.200000 15.328008 15.489842 15.657673 15.803669 15.900000 15.960622 16.015200 16.059467 16.089156 16.100000 16.073760 16.005280 15.909920 15.803040 15.700000 15.581646 15.436137 15.289806
              Sudan Tertiary_education_attainment  0.947956  0.998269  1.054604  1.120625  1.200000  1.310610  1.459103  1.632291  1.816986  2.000000  2.181604  2.371478  2.570551  2.779749  3.000000  3.226740  3.460916  3.711722  3.988352  4.300000  4.662995  5.082317  5.550143  6.058645  6.600000  7.188644  7.839724  8.546483
             Sweden Tertiary_education_attainment 25.735556 25.820000 25.886667 25.968889 26.100000 26.374463 26.823390 27.385085 27.997853 28.600000 29.322414 30.211715 31.079810 31.738603 32.000000 31.792000 31.296000 30.704000 30.208000 30.000000 30.041723 30.149169 30.295754 30.454892 30.600000 30.733108 30.872246 31.014831
        Switzerland Tertiary_education_attainment 20.330682 20.595461 20.844898 21.129557 21.500000 21.985812 22.593209 23.337701 24.234795 25.300000 27.286835 30.355190 33.630127 36.236709 37.300000 37.160465 36.801395 36.312093 35.781860 35.300000 34.860540 34.403107 33.935405 33.465135 33.000000 32.531024 32.053073 31.579610
              Syria Tertiary_education_attainment  5.773600  5.708800  5.627200  5.550400  5.500000  5.470400  5.443200  5.420800  5.405600  5.400000  5.504000  5.752000  6.048000  6.296000  6.400000  6.339314  6.181943  5.964914  5.725257  5.500000  5.262743  4.987086  4.710057  4.468686  4.300000  4.181600  4.072800  3.983200
             Taiwan Tertiary_education_attainment 19.632740 20.562220 21.545330 22.638960 23.900000 25.570866 27.672147 29.927996 32.062563 33.800000 35.139688 36.310756 37.381980 38.422136 39.500000 40.592700 41.654530 42.720009 43.823659 45.000000 46.280284 47.647819 49.065213 50.495071 51.900000 53.290036 54.690109 56.085164
           Thailand Tertiary_education_attainment  5.539044  5.567532  5.596498  5.636976  5.700000  6.504323  8.327398 10.518313 12.426151 13.400000 13.646782 13.824487 13.958801 14.075410 14.200000 14.319451 14.417783 14.516389 14.636663 14.800000 15.087147 15.527040 16.063360 16.639787 17.200000 17.749949 18.329846 18.934769
               Togo Tertiary_education_attainment  2.018400  2.035200  2.052800  2.073600  2.100000  2.136960  2.186880  2.248320  2.319840  2.400000  2.502667  2.635200  2.786400  2.945067  3.100000  3.278773  3.489120  3.690080  3.840693  3.900000  3.873600  3.808800  3.727200  3.650400  3.600000  3.570400  3.543200  3.520800
Trinidad and Tobago Tertiary_education_attainment  4.803794  5.028983  5.272274  5.530377  5.800000  6.076779  6.365195  6.675221  7.016831  7.400000  7.912032  8.559370  9.230691  9.814675 10.200000 10.414044 10.575467 10.709867 10.842844 11.000000 11.179378 11.364800 11.560533 11.770844 12.000000 12.252519 12.529557 12.830335
            Tunisia Tertiary_education_attainment  5.810442  5.983326  6.150989  6.345768  6.600000  6.967533  7.460915  8.050530  8.706763  9.400000 10.245101 11.281062 12.364472 13.351922 14.100000 14.601845 14.992830 15.342892 15.721970 16.200000 16.837403 17.611224 18.466345 19.347643 20.200000 21.012590 21.822355 22.645825
             Turkey Tertiary_education_attainment 11.286857 11.100571 10.870857 10.627429 10.400000 10.151505  9.861943  9.586629  9.380876  9.300000  9.560000 10.180000 10.920000 11.540000 11.800000 11.789440 11.760320 11.716480 11.661760 11.600000 11.495532 11.331397 11.139495 10.951729 10.800000 10.669231 10.535385 10.416923
             Uganda Tertiary_education_attainment  2.957280  3.661440  4.356960  4.888320  5.100000  4.957981  4.609943  4.172914  3.763924  3.500000  3.366476  3.262286  3.174857  3.091619  3.000000  2.893143  2.779429  2.669143  2.572571  2.500000  2.442629  2.388457  2.342971  2.311657  2.300000  2.310560  2.339680  2.383520
     United Kingdom Tertiary_education_attainment 21.551217 22.471017 23.375209 24.179601 24.800000 25.229919 25.561350 25.857821 26.182862 26.600000 27.271690 28.181835 29.126134 29.900288 30.300000 30.421210 30.506361 30.570907 30.630302 30.700000 30.778578 30.855733 30.933600 31.014311 31.100000 31.189197 31.280923 31.378051
      United States Tertiary_education_attainment 51.333671 52.593701 54.066897 55.340062 56.000000 56.167338 56.267302 56.343596 56.439927 56.600000 57.116967 58.051088 59.096726 59.948242 60.300000 60.300000 60.300000 60.300000 60.300000 60.300000 60.341723 60.449169 60.595754 60.754892 60.900000 61.039217 61.190573 61.342322
            Uruguay Tertiary_education_attainment 13.445486 13.300457 13.092686 12.849943 12.600000 12.262639 11.805060 11.326161 10.924842 10.700000 10.618073 10.566582 10.526055 10.477018 10.400000 10.245541 10.001622  9.704933  9.392163  9.100000  8.814419  8.510812  8.209996  7.932787  7.700000  7.486473  7.271782  7.083855
          Venezuela Tertiary_education_attainment 13.555970 13.771109 14.018263 14.270278 14.500000 14.698711 14.884703 15.071341 15.271985 15.500000 15.823938 16.240431 16.654954 16.972985 17.100000 17.040436 16.885309 16.669964 16.429745 16.200000 15.964828 15.697758 15.418274 15.145859 14.900000 14.651304 14.385217 14.143478
              World Tertiary_education_attainment 10.938488 11.415310 11.903188 12.336721 12.650505 12.851555 13.007127 13.142177 13.281666 13.450550 13.673011 13.935586 14.206767 14.455044 14.648908 14.791169 14.911464 15.018530 15.121104 15.227922 15.331814 15.427008 15.524337 15.634635 15.768732 15.944680 16.165557 16.419735
              Yemen Tertiary_education_attainment  1.004640  1.122720  1.248480  1.376160  1.500000  1.620000  1.740000  1.860000  1.980000  2.100000  2.218523  2.335569  2.453354  2.574092  2.700000  2.839217  2.990573  3.142322  3.282713  3.400000  3.484956  3.548687  3.609939  3.687461  3.800000  4.041926  4.454222  4.975556
             Zambia Tertiary_education_attainment  2.487733  2.455200  2.408800  2.354933  2.300000  2.237067  2.159200  2.072800  1.984267  1.900000  1.818171  1.734514  1.651771  1.572686  1.500000  1.432594  1.368069  1.307246  1.250949  1.200000  1.148480  1.095040  1.047360  1.013120  1.000000  1.000000  1.000000  1.000000